DNA_Index,
1.9228536,
1.7023901,
1.4680822,
1.4492363,
1.4133979,
1.4104863,
1.4099962,
1.3952011,
1.3858951,
1.385159,
1.3833367,
1.3775593,
1.3603796,
1.356615,
1.3563001,
1.3554968,
1.3543937,
1.3459457,
1.3438405,
1.3434546,
1.3383838,
1.333303,
1.3320134,
1.3308703,
1.3226093,
1.322255,
1.3200625,
1.317478,
1.3168672,
1.3146656,
1.3139318,
1.3135495,
1.3134137,
1.3129629,
1.3122628,
1.3119797,
1.3111804,
1.3067926,
1.3053138,
1.3032823,
1.3020622,
1.301755,
1.3013922,
1.3002198,
1.2994847,
1.29878,
1.2974942,
1.295535,
1.2954149,
1.2944801,
1.2944577,
1.2937313,
1.2927594,
1.2917019,
1.2906036,
1.2896011,
1.2893329,
1.2891878,
1.28815,
1.2875196,
1.2867329,
1.2842543,
1.284173,
1.2832438,
1.2828232,
1.2820815,
1.2803408,
1.2801958,
1.2788305,
1.2785552,
1.2785103,
1.2782573,
1.2768699,
1.2764161,
1.2761059,
1.2756001,
1.2754754,
1.2753685,
1.2723504,
1.2718586,
1.2716575,
1.271574,
1.2693297,
1.2692593,
1.2690078,
1.2685664,
1.2684511,
1.2678103,
1.2677306,
1.2661983,
1.265705,
1.2652332,
1.2652211,
1.2644055,
1.2640276,
1.2627095,
1.2625256,
1.26237,
1.2622937,
1.2618937,
1.2613027,
1.2603681,
1.2602034,
1.2599889,
1.2594138,
1.2592692,
1.2585813,
1.2583753,
1.258325,
1.2580545,
1.2565185,
1.2561661,
1.256031,
1.2559777,
1.255421,
1.255035,
1.2548347,
1.2546413,
1.2542638,
1.2536751,
1.2533638,
1.2533362,
1.2530994,
1.2529601,
1.2527181,
1.2526973,
1.2524812,
1.2523736,
1.2518384,
1.2516754,
1.2514135,
1.2505604,
1.2500645,
1.2499567,
1.249682,
1.2492925,
1.248353,
1.2475836,
1.2464635,
1.246277,
1.2460053,
1.2460009,
1.2456921,
1.2456164,
1.2449533,
1.2444919,
1.2438184,
1.2437541,
1.2434838,
1.2429415,
1.2425789,
1.2423679,
1.2421325,
1.2417475,
1.2417135,
1.2416275,
1.2415838,
1.2415411,
1.2413297,
1.2411877,
1.2409537,
1.2401329,
1.2389312,
1.2383975,
1.2382518,
1.2367816,
1.2365878,
1.2360786,
1.235839,
1.2357105,
1.2354782,
1.2351725,
1.2350417,
1.2350267,
1.2347113,
1.2344345,
1.2341751,
1.2340674,
1.2337991,
1.2333301,
1.2329013,
1.2327912,
1.23279,
1.2322489,
1.2320402,
1.231843,
1.2315264,
1.2314631,
1.231123,
1.2307376,
1.2304251,
1.2303034,
1.2302405,
1.2297052,
1.2295815,
1.2294734,
1.2293446,
1.2291721,
1.2288315,
1.228783,
1.2284206,
1.2283511,
1.2277063,
1.2276849,
1.2274626,
1.2272478,
1.2271821,
1.2271756,
1.2269549,
1.2268517,
1.2267781,
1.2266936,
1.226421,
1.2262,
1.2259657,
1.2256572,
1.2256501,
1.22517,
1.2243565,
1.2242712,
1.223892,
1.2238346,
1.2230451,
1.2230142,
1.2229096,
1.2220901,
1.221536,
1.2212595,
1.221251,
1.2211918,
1.2207998,
1.2207506,
1.2206734,
1.2206448,
1.2206435,
1.22054,
1.2204955,
1.2194271,
1.2193635,
1.2192715,
1.218771,
1.2187315,
1.2186875,
1.2182447,
1.2181138,
1.2179476,
1.217942,
1.2177128,
1.2176595,
1.2175784,
1.2170458,
1.2169013,
1.2168574,
1.2167833,
1.2166945,
1.2166665,
1.2164567,
1.215641,
1.2153513,
1.2146689,
1.2146046,
1.2143787,
1.214171,
1.2141503,
1.2139117,
1.2136554,
1.2135618,
1.2135075,
1.2128012,
1.2122233,
1.212121,
1.2118963,
1.2115608,
1.2115254,
1.2114037,
1.2113279,
1.2111121,
1.2104628,
1.2104585,
1.2103137,
1.2101614,
1.2099243,
1.209784,
1.2097646,
1.2096902,
1.2095426,
1.2091926,
1.2091589,
1.2087841,
1.2087646,
1.2084156,
1.2081966,
1.2079245,
1.207656,
1.2076365,
1.2073878,
1.2073487,
1.2072968,
1.2071745,
1.2070856,
1.2065177,
1.2064114,
1.2063011,
1.2062724,
1.2060894,
1.206058,
1.205989,
1.2057793,
1.2056317,
1.2055744,
1.2054068,
1.2049373,
1.2048627,
1.2047606,
1.2046415,
1.2045377,
1.2045101,
1.2040828,
1.203987,
1.2037042,
1.2035477,
1.2032474,
1.2029226,
1.2026635,
1.2026312,
1.2024417,
1.2024125,
1.2023977,
1.2023478,
1.202258,
1.2019964,
1.2014625,
1.201461,
1.2013953,
1.2013313,
1.2012776,
1.2011775,
1.2006762,
1.2005748,
1.2004597,
1.2003949,
1.2002617,
1.1999153,
1.1999074,
1.1996903,
1.1996212,
1.1992027,
1.1991581,
1.1991153,
1.1989441,
1.1985686,
1.1980519,
1.197907,
1.1977358,
1.1975089,
1.1973511,
1.1971486,
1.1969439,
1.1969386,
1.1969045,
1.1963574,
1.1963434,
1.1958487,
1.1958319,
1.1956152,
1.195596,
1.1955816,
1.195369,
1.1949567,
1.1948512,
1.194413,
1.1943718,
1.1941003,
1.1940943,
1.1940811,
1.1937035,
1.1935747,
1.1931742,
1.1930556,
1.1927539,
1.192539,
1.1924267,
1.1922432,
1.1918869,
1.1916021,
1.191253,
1.191165,
1.1910299,
1.1906413,
1.1905103,
1.1903911,
1.1898695,
1.189767,
1.1894379,
1.1894314,
1.1892235,
1.1891572,
1.1891531,
1.1889296,
1.1888312,
1.1885437,
1.1884638,
1.1881548,
1.1880664,
1.1879481,
1.1878903,
1.1878113,
1.1875331,
1.1875231,
1.1869817,
1.1869318,
1.1867912,
1.186506,
1.1863521,
1.1862711,
1.1862309,
1.1860727,
1.1858907,
1.1858447,
1.1853006,
1.1852996,
1.1852663,
1.1852531,
1.1851176,
1.1850404,
1.184943,
1.1844636,
1.1842812,
1.1841708,
1.1835389,
1.1833339,
1.183294,
1.1830965,
1.1830435,
1.1830063,
1.182942,
1.1826872,
1.1825843,
1.182347,
1.1823031,
1.182052,
1.1818454,
1.1812842,
1.1812063,
1.1811035,
1.1810485,
1.181012,
1.1809056,
1.1808826,
1.1808532,
1.180675,
1.1804992,
1.1802441,
1.1801627,
1.1801052,
1.1799217,
1.179898,
1.179747,
1.1797256,
1.1796678,
1.179372,
1.1793482,
1.179273,
1.1791865,
1.1789403,
1.178825,
1.1787252,
1.1786913,
1.1786522,
1.1785351,
1.1785195,
1.1784998,
1.1784873,
1.1783576,
1.1782482,
1.1782314,
1.1779816,
1.1778325,
1.1777272,
1.1776611,
1.1776097,
1.1774361,
1.1773083,
1.1772466,
1.1771973,
1.176827,
1.176554,
1.1765513,
1.1764227,
1.1763148,
1.1761721,
1.1757907,
1.1755036,
1.1754398,
1.1751304,
1.1750792,
1.1750516,
1.1750464,
1.1748468,
1.1747687,
1.1747223,
1.1746386,
1.1743298,
1.1740992,
1.1739784,
1.1737994,
1.1735296,
1.173509,
1.1732229,
1.173222,
1.1732172,
1.1731219,
1.1726146,
1.1721929,
1.1721683,
1.1720862,
1.1718112,
1.1717716,
1.1717234,
1.1716765,
1.171601,
1.1715486,
1.1715084,
1.1714876,
1.1713243,
1.1711111,
1.1710461,
1.1709902,
1.1705322,
1.1704646,
1.1703041,
1.1702657,
1.1700407,
1.1700124,
1.1699566,
1.1696242,
1.1696007,
1.1695505,
1.1694794,
1.1694411,
1.1694256,
1.1693684,
1.1693636,
1.1693299,
1.1693294,
1.1692898,
1.169202,
1.1691923,
1.1690488,
1.1687115,
1.1686391,
1.1686068,
1.1684209,
1.1683147,
1.1681231,
1.1676694,
1.1676596,
1.1676545,
1.1672536,
1.1671383,
1.1671346,
1.1669724,
1.1669182,
1.1667271,
1.1664786,
1.1662253,
1.1659901,
1.165832,
1.1656573,
1.1656044,
1.1655998,
1.1655837,
1.1655384,
1.1654721,
1.1654615,
1.1651646,
1.1647477,
1.1646197,
1.1645576,
1.1645105,
1.1645004,
1.164083,
1.1640618,
1.1638073,
1.1637987,
1.1636418,
1.1634371,
1.163327,
1.1632658,
1.163239,
1.1629516,
1.1628444,
1.1627746,
1.162623,
1.1622522,
1.1620207,
1.1619434,
1.1619313,
1.1619107,
1.1618186,
1.1617105,
1.1615976,
1.1612045,
1.161135,
1.160952,
1.1608427,
1.160841,
1.1606814,
1.1604489,
1.1603335,
1.1603215,
1.1602674,
1.1602002,
1.1599656,
1.1597134,
1.1596854,
1.1596768,
1.1596293,
1.1596193,
1.1595953,
1.1594372,
1.1589583,
1.1588312,
1.1586579,
1.1586131,
1.158195,
1.1581849,
1.1580638,
1.1579752,
1.1578927,
1.1577953,
1.1576929,
1.1576524,
1.1576159,
1.157589,
1.1575824,
1.1574719,
1.1574637,
1.1574346,
1.1573441,
1.1572441,
1.1572422,
1.1571466,
1.157082,
1.1570104,
1.1569976,
1.1569599,
1.1566843,
1.1566671,
1.1566612,
1.1566478,
1.1565592,
1.156427,
1.1564019,
1.1563601,
1.156344,
1.1562136,
1.1561875,
1.1561508,
1.156069,
1.156001,
1.1559721,
1.1559527,
1.155606,
1.1553857,
1.154982,
1.1547827,
1.1546719,
1.1545887,
1.1545101,
1.1545062,
1.1544538,
1.1543752,
1.1543746,
1.1539811,
1.1539063,
1.1538931,
1.1536894,
1.1535251,
1.15345,
1.1534215,
1.1533159,
1.1529993,
1.1529945,
1.1529475,
1.1528541,
1.1528438,
1.152575,
1.1522602,
1.1520941,
1.1520758,
1.1518956,
1.1515949,
1.1515393,
1.1514374,
1.150958,
1.1508679,
1.1506975,
1.150682,
1.1506437,
1.1506364,
1.1505893,
1.1505693,
1.1503919,
1.1503584,
1.1503304,
1.1503056,
1.1502461,
1.1500864,
1.1500419,
1.1499803,
1.1498903,
1.1497482,
1.1495569,
1.1494551,
1.1494061,
1.149229,
1.1491102,
1.149091,
1.148821,
1.1487715,
1.1486927,
1.1486274,
1.1485702,
1.148545,
1.1484855,
1.1483979,
1.1483907,
1.1483654,
1.1482269,
1.1480722,
1.1480595,
1.1479338,
1.1478597,
1.1478149,
1.1477035,
1.147682,
1.1475769,
1.1474881,
1.1474833,
1.1473581,
1.1473187,
1.1471362,
1.1471053,
1.147037,
1.1469107,
1.1468065,
1.146623,
1.1465085,
1.1464859,
1.1463408,
1.1461807,
1.1460942,
1.1460025,
1.145995,
1.1459464,
1.1459379,
1.1458338,
1.1458225,
1.1456676,
1.1455951,
1.1453621,
1.1453551,
1.1452427,
1.1451775,
1.1450998,
1.1450902,
1.1449927,
1.1446884,
1.1446016,
1.1445688,
1.1445453,
1.1444932,
1.1444918,
1.144482,
1.1443189,
1.144232,
1.143945,
1.1438985,
1.143685,
1.1435828,
1.1434873,
1.143278,
1.1432409,
1.1431279,
1.1429816,
1.1428823,
1.1428435,
1.142742,
1.1425809,
1.1424202,
1.1423327,
1.1422522,
1.1421676,
1.1416794,
1.1416186,
1.1415408,
1.1414798,
1.1413608,
1.1411169,
1.140941,
1.1408842,
1.1407572,
1.1407334,
1.1404282,
1.1403887,
1.1399829,
1.1399758,
1.1398779,
1.1397035,
1.1395667,
1.1395372,
1.1394459,
1.1394029,
1.1392461,
1.1391191,
1.1390579,
1.1390083,
1.1387943,
1.138727,
1.138673,
1.1386647,
1.1385425,
1.138174,
1.1379812,
1.1379797,
1.1379155,
1.1379074,
1.1375859,
1.1374836,
1.1374414,
1.1373125,
1.1372651,
1.1371993,
1.1367931,
1.136791,
1.1366614,
1.1364071,
1.1363907,
1.136323,
1.1363198,
1.1361607,
1.1361463,
1.1360527,
1.1359878,
1.1358005,
1.1357993,
1.1357962,
1.1357827,
1.135765,
1.1356093,
1.1355938,
1.1355693,
1.1354729,
1.1354592,
1.1353352,
1.135319,
1.1352836,
1.1352056,
1.1351517,
1.1351333,
1.135103,
1.1350721,
1.1349827,
1.1349701,
1.1348648,
1.1348602,
1.1348433,
1.1348416,
1.134715,
1.1346738,
1.134636,
1.1346347,
1.1346165,
1.1344367,
1.1344199,
1.1343409,
1.1342809,
1.1342357,
1.1340052,
1.1339304,
1.1338991,
1.1338702,
1.133861,
1.133816,
1.1338096,
1.133704,
1.1336856,
1.1336504,
1.1335793,
1.1335456,
1.1334354,
1.1332979,
1.133292,
1.1332909,
1.1332797,
1.1332285,
1.1329861,
1.132945,
1.1329439,
1.132842,
1.1327257,
1.1326902,
1.1326658,
1.1326337,
1.1325799,
1.1325071,
1.1322235,
1.1321955,
1.1320858,
1.1320316,
1.1319046,
1.1318955,
1.1318728,
1.1317688,
1.1316599,
1.1316502,
1.1315255,
1.131342,
1.1313221,
1.1313052,
1.1311653,
1.1311558,
1.1310744,
1.1310575,
1.1310017,
1.1309937,
1.1308782,
1.1308064,
1.1307278,
1.1306428,
1.130614,
1.1306025,
1.1305641,
1.1302321,
1.1302176,
1.1301948,
1.1300682,
1.1299464,
1.1299324,
1.1298836,
1.1298028,
1.1297369,
1.1296633,
1.1293532,
1.1293064,
1.1291676,
1.1290778,
1.1288278,
1.1288028,
1.1287634,
1.1287416,
1.1287374,
1.1286821,
1.1285462,
1.1285311,
1.1283138,
1.1282583,
1.12821,
1.1281419,
1.1280091,
1.1279447,
1.1279207,
1.1278902,
1.1278251,
1.1276273,
1.1275407,
1.127504,
1.1274774,
1.1273651,
1.1273403,
1.1273184,
1.1271195,
1.1270858,
1.1270385,
1.1269808,
1.1269363,
1.1268847,
1.1267558,
1.1267262,
1.1267159,
1.1264602,
1.1263987,
1.1263361,
1.1261811,
1.1259943,
1.1259623,
1.1259115,
1.1258504,
1.1258379,
1.1258093,
1.1257757,
1.1256357,
1.1256188,
1.1254818,
1.1254508,
1.1253606,
1.1253408,
1.1253082,
1.1252056,
1.1250615,
1.1248987,
1.1248835,
1.1248653,
1.1248146,
1.1247293,
1.124672,
1.1245356,
1.124425,
1.1244246,
1.1243569,
1.1243292,
1.124299,
1.1242971,
1.1241846,
1.1240945,
1.1240169,
1.123909,
1.1238372,
1.1238291,
1.123784,
1.1237301,
1.1236137,
1.1235901,
1.1235341,
1.1234655,
1.1234331,
1.1234313,
1.1233847,
1.1232642,
1.1232157,
1.1231076,
1.1229295,
1.1229094,
1.1228852,
1.122846,
1.1228372,
1.1228275,
1.1228248,
1.1228114,
1.122701,
1.1226597,
1.1226367,
1.1226172,
1.1225959,
1.1225755,
1.1223085,
1.1222696,
1.1220227,
1.1219597,
1.1219443,
1.1219236,
1.121845,
1.1217166,
1.1217122,
1.1217033,
1.121681,
1.1216724,
1.1216519,
1.1213824,
1.1213334,
1.121312,
1.1211505,
1.1210766,
1.121018,
1.1209681,
1.1209314,
1.1208332,
1.1207849,
1.1205326,
1.1204664,
1.1203876,
1.1203772,
1.1202843,
1.1202188,
1.120136,
1.1201164,
1.1200179,
1.120007,
1.119977,
1.1199504,
1.1199222,
1.1197779,
1.1197276,
1.1195449,
1.1195306,
1.1194954,
1.119457,
1.119272,
1.1192546,
1.1189201,
1.1188446,
1.1188182,
1.1188067,
1.1187242,
1.1186651,
1.1185714,
1.1184939,
1.1184868,
1.1183988,
1.1183951,
1.118217,
1.1182046,
1.1181631,
1.118163,
1.1181384,
1.1180825,
1.1180341,
1.1180001,
1.1178908,
1.1177605,
1.1176891,
1.1176761,
1.1176479,
1.1175925,
1.117515,
1.1172814,
1.1172627,
1.117167,
1.1171592,
1.1171055,
1.1170995,
1.1170446,
1.1170031,
1.1169828,
1.1169189,
1.1167891,
1.1167585,
1.1167136,
1.1166602,
1.1166272,
1.1166142,
1.116404,
1.1163774,
1.1163547,
1.116272,
1.1162719,
1.1160316,
1.115999,
1.1159155,
1.1158667,
1.1158128,
1.1156899,
1.1156409,
1.1156088,
1.1156081,
1.1155833,
1.1154157,
1.1153966,
1.1152564,
1.1151409,
1.1151175,
1.1150849,
1.1150115,
1.115005,
1.1149352,
1.1148688,
1.1148121,
1.1147668,
1.1147459,
1.1147064,
1.114686,
1.1146717,
1.1146653,
1.114482,
1.1144513,
1.1144495,
1.1143808,
1.1143732,
1.1142552,
1.1141866,
1.1140435,
1.1140299,
1.1137887,
1.1137797,
1.1136807,
1.1135062,
1.1134998,
1.1133605,
1.113135,
1.1131257,
1.112895,
1.112829,
1.1127862,
1.1127211,
1.1127205,
1.1126693,
1.1126264,
1.1125909,
1.1125768,
1.1125541,
1.1123976,
1.1123503,
1.1122751,
1.1122462,
1.1121314,
1.1120819,
1.1119926,
1.1119097,
1.1118199,
1.1117699,
1.1117117,
1.1114823,
1.1114748,
1.111326,
1.1112363,
1.1111879,
1.1111466,
1.1111395,
1.1111122,
1.1110843,
1.1110555,
1.110937,
1.1108791,
1.1108661,
1.1106067,
1.1105571,
1.1105442,
1.1105243,
1.1103238,
1.1103095,
1.1100897,
1.1100475,
1.1097225,
1.1096802,
1.1096108,
1.1096052,
1.1096016,
1.1093471,
1.1093203,
1.1092194,
1.1089796,
1.1089691,
1.1089369,
1.1089275,
1.1088554,
1.1085075,
1.10841,
1.1082895,
1.1081644,
1.108153,
1.1079857,
1.107935,
1.1078936,
1.1078804,
1.1078471,
1.1078043,
1.107793,
1.1077259,
1.1075962,
1.1075594,
1.1075361,
1.1074771,
1.1073182,
1.1073155,
1.1072404,
1.1071059,
1.1070802,
1.1069586,
1.1069479,
1.106947,
1.1069262,
1.106852,
1.1068422,
1.106813,
1.106589,
1.1064078,
1.1062309,
1.1061703,
1.1061466,
1.1061462,
1.1061445,
1.1060591,
1.1060492,
1.1059216,
1.1059048,
1.1056806,
1.105581,
1.1055797,
1.1055115,
1.1054752,
1.105436,
1.1054355,
1.1053752,
1.1052831,
1.1052076,
1.1051854,
1.1051756,
1.1050793,
1.1050758,
1.104992,
1.1047426,
1.1046846,
1.104682,
1.1046275,
1.1043564,
1.1043463,
1.1043445,
1.1043328,
1.1043234,
1.1040546,
1.1039838,
1.1039712,
1.1039358,
1.1039255,
1.1039104,
1.1038897,
1.103821,
1.1038039,
1.1037248,
1.1036167,
1.1035994,
1.1035067,
1.1034774,
1.103447,
1.1034324,
1.1034223,
1.1034175,
1.1033257,
1.1031917,
1.1031865,
1.1031024,
1.1029347,
1.1029012,
1.1028631,
1.1028504,
1.1027273,
1.1026618,
1.1025654,
1.102486,
1.1024841,
1.1023802,
1.1023604,
1.1023519,
1.1022929,
1.1021947,
1.1021883,
1.1021262,
1.1020153,
1.1019919,
1.1019856,
1.1019622,
1.1019063,
1.1018994,
1.1018775,
1.1018766,
1.1017637,
1.1017036,
1.1016276,
1.1015894,
1.1015089,
1.101504,
1.1014905,
1.101422,
1.1014141,
1.101359,
1.1013341,
1.1012884,
1.1010032,
1.1009986,
1.1008339,
1.1008306,
1.1007984,
1.1007682,
1.1007291,
1.1006334,
1.1005049,
1.1005019,
1.1004015,
1.1003513,
1.1001842,
1.1000782,
1.1000545,
1.1000453,
1.0999855,
1.0999525,
1.099905,
1.0998132,
1.0997441,
1.0996424,
1.0996386,
1.0995712,
1.0994638,
1.0994463,
1.0994452,
1.0993356,
1.0993328,
1.0993128,
1.0993011,
1.0992618,
1.0991845,
1.0991468,
1.0990574,
1.0990387,
1.0990295,
1.0990115,
1.0990059,
1.0989071,
1.0988578,
1.0988512,
1.0988448,
1.0987514,
1.0987502,
1.0987406,
1.0986892,
1.0986571,
1.0985956,
1.0985951,
1.0985024,
1.0981975,
1.0981451,
1.0981303,
1.0981289,
1.0981202,
1.0981051,
1.0980625,
1.0980052,
1.0979079,
1.0977157,
1.0976919,
1.0976613,
1.0976231,
1.0975707,
1.0975472,
1.0975316,
1.0975276,
1.0974963,
1.0974674,
1.0974168,
1.0971878,
1.0968947,
1.0968921,
1.0968589,
1.0968189,
1.0966833,
1.0966766,
1.0966029,
1.0965867,
1.0964156,
1.0963709,
1.0963454,
1.0962566,
1.0961919,
1.0961257,
1.0960779,
1.0959724,
1.0959595,
1.0958794,
1.0958518,
1.095792,
1.0957887,
1.095691,
1.0956652,
1.0955817,
1.0955726,
1.0955292,
1.0954838,
1.0954804,
1.0954133,
1.0953139,
1.0951804,
1.095165,
1.0951276,
1.0951104,
1.0951021,
1.0950092,
1.0949624,
1.0949439,
1.0948844,
1.0948204,
1.0947802,
1.0947323,
1.0947065,
1.0946946,
1.0946078,
1.0945171,
1.0944452,
1.094409,
1.0943946,
1.0943608,
1.0942343,
1.0941875,
1.0941873,
1.0941688,
1.0940996,
1.0940667,
1.0938525,
1.0938126,
1.0937743,
1.0935606,
1.0935448,
1.0934929,
1.093471,
1.0934246,
1.0933682,
1.0933256,
1.0933255,
1.0933063,
1.0932624,
1.0931901,
1.0931878,
1.093117,
1.0930427,
1.0930269,
1.0930263,
1.0929153,
1.0928661,
1.0928429,
1.0928053,
1.092705,
1.0921816,
1.0921177,
1.0920935,
1.0920686,
1.0920094,
1.0919883,
1.0919687,
1.0919638,
1.0917708,
1.0915842,
1.091584,
1.091563,
1.0914391,
1.0912988,
1.0912473,
1.0912417,
1.0911629,
1.0910754,
1.091065,
1.0910326,
1.09099,
1.0909402,
1.0909342,
1.0909215,
1.0908594,
1.090858,
1.0908315,
1.0907682,
1.0907137,
1.0906465,
1.0905641,
1.0905293,
1.090516,
1.0904865,
1.0904837,
1.0904574,
1.0904478,
1.0904226,
1.0902424,
1.0900953,
1.0900906,
1.089934,
1.0897973,
1.0897918,
1.0896156,
1.0895914,
1.0895662,
1.089495,
1.0893966,
1.0893376,
1.0892804,
1.0891708,
1.0891597,
1.0891107,
1.089006,
1.0889918,
1.0889627,
1.0889617,
1.0889235,
1.0888476,
1.0887121,
1.0886636,
1.0886602,
1.088635,
1.0885984,
1.0885112,
1.0884962,
1.0883422,
1.0882796,
1.0882307,
1.0881451,
1.0880634,
1.0879533,
1.0879499,
1.0879433,
1.0879424,
1.0879328,
1.0877892,
1.087756,
1.0877442,
1.0877161,
1.0876818,
1.0876546,
1.0876418,
1.0875819,
1.0875534,
1.0875,
1.0874221,
1.0873533,
1.0873486,
1.0872592,
1.0872458,
1.0872442,
1.0872296,
1.0872024,
1.0871104,
1.0869198,
1.086902,
1.0868746,
1.086809,
1.0866859,
1.0865642,
1.0865126,
1.0865027,
1.0864807,
1.0863284,
1.0859869,
1.0859691,
1.0858673,
1.0858047,
1.085804,
1.0856854,
1.0856555,
1.0856463,
1.0856335,
1.0855306,
1.0855278,
1.0855037,
1.0854825,
1.0854803,
1.0854348,
1.0854163,
1.0852042,
1.0851662,
1.0851527,
1.0851511,
1.0849509,
1.084915,
1.0846835,
1.0846769,
1.0845596,
1.0845535,
1.0845087,
1.0844133,
1.0844084,
1.084364,
1.0843537,
1.0841877,
1.0841718,
1.084161,
1.084105,
1.0840992,
1.0839392,
1.083921,
1.0839176,
1.0839163,
1.0838788,
1.0838294,
1.0837673,
1.083584,
1.0835809,
1.0835212,
1.0832769,
1.0832278,
1.0831496,
1.0831127,
1.082933,
1.0828911,
1.0827581,
1.0827175,
1.082688,
1.0825927,
1.082572,
1.0825106,
1.0825034,
1.0824705,
1.0824627,
1.0824007,
1.0823742,
1.082301,
1.082068,
1.0819824,
1.0818334,
1.0818013,
1.0817908,
1.081681,
1.0816512,
1.0815599,
1.0815212,
1.0814917,
1.0814763,
1.0813587,
1.0813334,
1.0813257,
1.0811105,
1.0810778,
1.0810283,
1.0810266,
1.0810155,
1.0809869,
1.0809673,
1.0807158,
1.0806427,
1.0804182,
1.080256,
1.080244,
1.0801532,
1.080112,
1.0800389,
1.0800258,
1.0799807,
1.0799557,
1.0799538,
1.0799364,
1.0798177,
1.0798112,
1.0795121,
1.0795022,
1.0794504,
1.079396,
1.0793904,
1.0793759,
1.0792524,
1.0792346,
1.0792031,
1.0791221,
1.0791072,
1.0789716,
1.078904,
1.0788833,
1.0787905,
1.0787778,
1.078736,
1.0787297,
1.0787185,
1.0785512,
1.0784526,
1.0783881,
1.0782957,
1.0782771,
1.0781064,
1.0780212,
1.0780169,
1.0779967,
1.0779917,
1.0779706,
1.0779328,
1.0778829,
1.0778626,
1.0777153,
1.0776808,
1.077525,
1.0774448,
1.0774444,
1.0774066,
1.0773855,
1.0773441,
1.0772771,
1.0771668,
1.0770417,
1.0768855,
1.0768756,
1.0768756,
1.0768647,
1.0768085,
1.0768046,
1.0767933,
1.0767661,
1.076758,
1.0767306,
1.076653,
1.0765725,
1.0765306,
1.0765138,
1.0763576,
1.0763279,
1.0762726,
1.0762513,
1.0762312,
1.0762278,
1.0760646,
1.0760133,
1.0759479,
1.0759358,
1.075799,
1.075798,
1.0757642,
1.0756338,
1.0756102,
1.075409,
1.0753938,
1.0753578,
1.075329,
1.0752825,
1.0751783,
1.0751555,
1.0751182,
1.0750228,
1.0749668,
1.0749339,
1.0749117,
1.0749071,
1.0748858,
1.0748358,
1.0746557,
1.0746515,
1.0745955,
1.0744923,
1.0744643,
1.0743523,
1.0742565,
1.074245,
1.0742407,
1.0742059,
1.0741706,
1.0741128,
1.0739543,
1.0738342,
1.0737454,
1.0736744,
1.0736365,
1.0735662,
1.0735421,
1.0735135,
1.0733349,
1.0732672,
1.073231,
1.0731889,
1.0731809,
1.073114,
1.0730706,
1.0730613,
1.0729271,
1.0728027,
1.0727593,
1.072744,
1.0726917,
1.0726265,
1.0725777,
1.0724884,
1.0723552,
1.0723094,
1.0722562,
1.0722277,
1.0721714,
1.0720844,
1.0720774,
1.0720731,
1.0720242,
1.0717882,
1.0717306,
1.071626,
1.0715852,
1.0714179,
1.0713364,
1.0712743,
1.0712554,
1.0712492,
1.0711809,
1.0710939,
1.0709996,
1.0708859,
1.0708376,
1.0707645,
1.070763,
1.0707486,
1.0706006,
1.0705125,
1.0702382,
1.0701941,
1.0701406,
1.0701021,
1.0700468,
1.0700047,
1.0699767,
1.0698705,
1.0698365,
1.0697745,
1.0697423,
1.0697306,
1.0697092,
1.0697002,
1.069688,
1.0694919,
1.0694761,
1.069463,
1.0693692,
1.0692459,
1.0692033,
1.0690796,
1.0690293,
1.0690141,
1.0689878,
1.068879,
1.0688338,
1.0688263,
1.0687509,
1.0687273,
1.0686649,
1.0686579,
1.0686197,
1.0686085,
1.0685021,
1.0684627,
1.0684174,
1.068401,
1.0683764,
1.068374,
1.0682762,
1.0682311,
1.0681978,
1.0681309,
1.0681123,
1.0680788,
1.0680603,
1.0680591,
1.068009,
1.0679842,
1.0678942,
1.0677733,
1.0676602,
1.0676501,
1.0676322,
1.0676156,
1.0675594,
1.0675477,
1.0675073,
1.0674223,
1.0674074,
1.0672483,
1.0672253,
1.0670351,
1.0669848,
1.0669284,
1.066906,
1.0668911,
1.0668815,
1.066868,
1.0668659,
1.0667695,
1.0667628,
1.0667315,
1.0667205,
1.0666687,
1.0666382,
1.0666207,
1.0666007,
1.066455,
1.0664498,
1.0662391,
1.0660968,
1.0660962,
1.066047,
1.0659589,
1.0658869,
1.0658376,
1.0657871,
1.0657709,
1.0657569,
1.0657209,
1.0656744,
1.0656408,
1.0655655,
1.0655297,
1.0654528,
1.0653529,
1.0653211,
1.0652844,
1.0651596,
1.0650774,
1.0650598,
1.065051,
1.0650473,
1.0649682,
1.0647649,
1.0645666,
1.0645086,
1.0644101,
1.0640316,
1.0640286,
1.0640079,
1.0639851,
1.06398,
1.063959,
1.0639449,
1.0638704,
1.0638406,
1.063751,
1.063742,
1.0636346,
1.0636272,
1.0636191,
1.0633961,
1.0633192,
1.0632409,
1.0630808,
1.0630618,
1.0629731,
1.0629444,
1.0628589,
1.0628086,
1.0627968,
1.0627873,
1.0627,
1.0626961,
1.0625862,
1.0624764,
1.062423,
1.0623107,
1.062264,
1.0622034,
1.0621773,
1.0621223,
1.0620859,
1.0620773,
1.0620743,
1.0620496,
1.0620492,
1.06198,
1.0619521,
1.0619209,
1.0618917,
1.0618875,
1.0617435,
1.0617418,
1.0617222,
1.0617002,
1.0616807,
1.0616409,
1.0616099,
1.0615591,
1.061432,
1.0613767,
1.0613084,
1.0612737,
1.0611722,
1.0609874,
1.0609524,
1.0609312,
1.0608077,
1.0608017,
1.0607404,
1.0606128,
1.0605901,
1.0605565,
1.0605487,
1.0604033,
1.060379,
1.0603752,
1.0603575,
1.0603406,
1.0603366,
1.0603143,
1.0603026,
1.0602989,
1.0602715,
1.0602303,
1.0601891,
1.0601388,
1.0600353,
1.0600272,
1.0599296,
1.0598928,
1.0598358,
1.059795,
1.0596097,
1.0594313,
1.059419,
1.0594044,
1.0593948,
1.0593792,
1.0592889,
1.0590483,
1.0589237,
1.0589145,
1.0588838,
1.0588795,
1.0588218,
1.0587834,
1.0587742,
1.0587671,
1.0587356,
1.0587231,
1.0586487,
1.058479,
1.0584708,
1.0584143,
1.058397,
1.0583962,
1.0583917,
1.0583746,
1.0583619,
1.0583237,
1.0580815,
1.058031,
1.0579033,
1.0578951,
1.0578761,
1.0577884,
1.0577846,
1.0577345,
1.0576535,
1.0576257,
1.0575877,
1.0575699,
1.057532,
1.0575283,
1.0575262,
1.0575247,
1.0573813,
1.0573628,
1.0572759,
1.0572653,
1.0571874,
1.0571656,
1.0571206,
1.0571123,
1.0571029,
1.0570456,
1.0570127,
1.0569812,
1.0569719,
1.0569259,
1.0568674,
1.0568554,
1.0567516,
1.0567377,
1.0566794,
1.0564408,
1.0564008,
1.0563962,
1.0563488,
1.0562693,
1.0562251,
1.056206,
1.0561999,
1.0561376,
1.056118,
1.0560917,
1.0560447,
1.0559647,
1.0559624,
1.0558727,
1.0557886,
1.0557868,
1.0557493,
1.0556489,
1.0555872,
1.0555716,
1.0555643,
1.055514,
1.0553862,
1.0552617,
1.0552576,
1.0552536,
1.0552162,
1.0552016,
1.0551629,
1.0548798,
1.0547686,
1.0547085,
1.054705,
1.0545425,
1.0544866,
1.0543865,
1.0542833,
1.0542431,
1.0541766,
1.0541469,
1.0539908,
1.0539159,
1.0537908,
1.0537254,
1.0537127,
1.0536667,
1.053619,
1.0536008,
1.0535282,
1.0535097,
1.0533564,
1.0531532,
1.0530587,
1.0530328,
1.0530106,
1.052959,
1.0528721,
1.0527707,
1.0527704,
1.0527376,
1.0527351,
1.0527338,
1.0525961,
1.0524861,
1.0523999,
1.0523053,
1.0522957,
1.0522951,
1.0522892,
1.0522296,
1.0520512,
1.0520041,
1.0519804,
1.051978,
1.0519015,
1.0518414,
1.0517964,
1.051776,
1.0517167,
1.0516951,
1.0515816,
1.0514665,
1.0514375,
1.0513508,
1.0512102,
1.0511934,
1.0511878,
1.0511426,
1.0510948,
1.0508636,
1.0507644,
1.0507615,
1.050745,
1.050659,
1.0505006,
1.0504844,
1.0503467,
1.0502603,
1.0502454,
1.0502137,
1.0501647,
1.0501167,
1.0500734,
1.0500373,
1.049999,
1.0499637,
1.0499606,
1.0499134,
1.0498121,
1.0498116,
1.0497736,
1.0497572,
1.0497478,
1.0497446,
1.0497192,
1.0497191,
1.0496014,
1.0495827,
1.0494356,
1.0492746,
1.0491184,
1.0491141,
1.0490828,
1.0489101,
1.0487715,
1.0487581,
1.0486634,
1.0485857,
1.0485688,
1.0485408,
1.0484313,
1.0483781,
1.0483268,
1.0482788,
1.0481963,
1.0480896,
1.0480045,
1.0479254,
1.0478038,
1.0477703,
1.0477573,
1.0476546,
1.0476013,
1.0475262,
1.0474136,
1.0473627,
1.0473527,
1.0472232,
1.0470355,
1.0470166,
1.0469418,
1.0469391,
1.0469346,
1.0469202,
1.0468712,
1.0468669,
1.0468147,
1.0468091,
1.0467898,
1.0467767,
1.0466621,
1.0466089,
1.0465398,
1.0465384,
1.0464795,
1.0464756,
1.0464187,
1.0463996,
1.0463961,
1.0463651,
1.0463604,
1.0463573,
1.0463496,
1.0462877,
1.0462832,
1.0462804,
1.0462513,
1.04621,
1.0462047,
1.0461832,
1.0460765,
1.0460252,
1.0460225,
1.0459168,
1.0459051,
1.045838,
1.0457875,
1.0457573,
1.0456704,
1.0455079,
1.0454804,
1.0454323,
1.0454246,
1.0453684,
1.0453515,
1.0453479,
1.0453464,
1.045307,
1.0452608,
1.0452597,
1.0452257,
1.0450492,
1.0449054,
1.0448912,
1.0448102,
1.0447783,
1.0447766,
1.044743,
1.0446444,
1.0446346,
1.0445697,
1.0445577,
1.0444872,
1.0444704,
1.0444034,
1.0442574,
1.0441564,
1.0440768,
1.0437639,
1.0437044,
1.0437018,
1.0435427,
1.0434945,
1.0434123,
1.0434107,
1.0433574,
1.0432566,
1.0430821,
1.0430491,
1.0430205,
1.0430055,
1.0426934,
1.042574,
1.0425692,
1.0424894,
1.0424508,
1.0423906,
1.0422986,
1.0422277,
1.042226,
1.0421726,
1.04216,
1.0420607,
1.0420513,
1.0419129,
1.0417129,
1.0416648,
1.0416329,
1.0416214,
1.0415646,
1.0415448,
1.0415381,
1.0415126,
1.0415101,
1.0414828,
1.0414395,
1.0413436,
1.0413265,
1.0413252,
1.0412048,
1.0411646,
1.0410821,
1.0410552,
1.0407779,
1.0407673,
1.0407656,
1.040716,
1.0406525,
1.0406127,
1.0404212,
1.0404174,
1.0403978,
1.0403225,
1.0402536,
1.0401196,
1.0401095,
1.040104,
1.0400894,
1.0400807,
1.0400552,
1.0400356,
1.0399698,
1.0398726,
1.0398395,
1.0397884,
1.0397638,
1.0396706,
1.0396472,
1.0395777,
1.039562,
1.0395049,
1.0393621,
1.0393554,
1.0393212,
1.0392776,
1.0391881,
1.0391518,
1.0390605,
1.0390201,
1.0389478,
1.0389248,
1.038907,
1.0387635,
1.0385494,
1.0384787,
1.0384717,
1.0384116,
1.038359,
1.0382913,
1.0381534,
1.0380571,
1.0380114,
1.038011,
1.0378858,
1.0377992,
1.0377916,
1.0377111,
1.0376825,
1.0376182,
1.037601,
1.0375869,
1.0375557,
1.0375271,
1.0374616,
1.037322,
1.0372105,
1.0371867,
1.0370954,
1.0370834,
1.0370275,
1.0368587,
1.0366682,
1.0366523,
1.0364076,
1.0363879,
1.0362471,
1.0360959,
1.0360736,
1.0359911,
1.0359708,
1.0359678,
1.0359588,
1.0358484,
1.0358355,
1.0356936,
1.0355679,
1.035514,
1.0354258,
1.0353732,
1.035373,
1.0353404,
1.0353013,
1.0351713,
1.0350715,
1.0349865,
1.0349052,
1.0348903,
1.0347036,
1.0347031,
1.0346671,
1.034457,
1.0343288,
1.0342215,
1.0342191,
1.0340896,
1.0340532,
1.0340263,
1.0339435,
1.0339046,
1.0339,
1.0338827,
1.0337987,
1.0337985,
1.0336334,
1.0335281,
1.0335106,
1.0335033,
1.0334768,
1.0334735,
1.0334707,
1.0334517,
1.0334449,
1.0333729,
1.0332708,
1.0332372,
1.0332285,
1.0332034,
1.0331393,
1.0331178,
1.0330821,
1.0330803,
1.032998,
1.0329773,
1.0329044,
1.0328921,
1.03283,
1.0327687,
1.0327257,
1.0327044,
1.0326684,
1.0325038,
1.0324197,
1.0324179,
1.0323919,
1.0323495,
1.0323101,
1.0323095,
1.0322647,
1.0322247,
1.0321612,
1.0320336,
1.0319942,
1.0319071,
1.0318999,
1.031773,
1.0317135,
1.0316826,
1.0313795,
1.0313566,
1.0312573,
1.0312022,
1.0311555,
1.0311145,
1.0310674,
1.0310565,
1.0309726,
1.0309671,
1.0309653,
1.0309342,
1.0309007,
1.0308918,
1.0308881,
1.0308418,
1.0307912,
1.0307177,
1.0301354,
1.0301346,
1.0301017,
1.030094,
1.0300702,
1.0300667,
1.0300412,
1.0299932,
1.0298994,
1.0298257,
1.0296854,
1.0296478,
1.0296263,
1.0295908,
1.0294819,
1.0294647,
1.0293909,
1.029389,
1.029337,
1.0293009,
1.02928,
1.0292345,
1.0292222,
1.0291655,
1.0290345,
1.0290222,
1.0288863,
1.0287983,
1.0286614,
1.0285865,
1.0285459,
1.0284584,
1.0284475,
1.0284132,
1.0283315,
1.028258,
1.0282366,
1.028231,
1.0282282,
1.028222,
1.0282029,
1.028149,
1.0280702,
1.028058,
1.0280452,
1.0280226,
1.027812,
1.0277405,
1.0276631,
1.0276521,
1.0276488,
1.0275552,
1.0275433,
1.0275112,
1.0274806,
1.0274743,
1.027442,
1.0273441,
1.0273026,
1.027214,
1.0271351,
1.02712,
1.0271108,
1.0269254,
1.026906,
1.0268078,
1.0267986,
1.0266616,
1.0266241,
1.0266057,
1.0266,
1.0265727,
1.0264744,
1.0264238,
1.0263923,
1.0263649,
1.0263438,
1.0263261,
1.0263021,
1.0262603,
1.0262158,
1.0261619,
1.0261358,
1.0261134,
1.0260645,
1.0260494,
1.0258303,
1.0258106,
1.025734,
1.0257126,
1.0256929,
1.0256344,
1.0255672,
1.0255619,
1.0254254,
1.0253347,
1.0251963,
1.0250947,
1.0249227,
1.0249064,
1.024452,
1.0243927,
1.0243601,
1.0241866,
1.0241095,
1.0240996,
1.0240754,
1.0240735,
1.0239788,
1.0239494,
1.0239143,
1.0238727,
1.0238193,
1.0236995,
1.0236058,
1.023401,
1.0232022,
1.0231886,
1.0231465,
1.0230904,
1.0230833,
1.0230585,
1.0229771,
1.0229527,
1.0227989,
1.022794,
1.0227433,
1.0227156,
1.0226933,
1.022589,
1.0225545,
1.0225382,
1.022474,
1.0224668,
1.0224649,
1.0224352,
1.022279,
1.02219,
1.0221612,
1.0221523,
1.0218798,
1.021878,
1.0218463,
1.0217955,
1.021724,
1.0216697,
1.0214689,
1.0214531,
1.0214525,
1.0212541,
1.0212203,
1.0211579,
1.0211415,
1.0211141,
1.0210854,
1.0210608,
1.0210359,
1.0207775,
1.0206716,
1.0206712,
1.0206438,
1.0206069,
1.0204169,
1.0203979,
1.0203923,
1.0202272,
1.0201523,
1.0201308,
1.0201013,
1.0199757,
1.0199534,
1.0199422,
1.0196819,
1.0196264,
1.0196041,
1.0195931,
1.0195898,
1.0195802,
1.0195255,
1.0194398,
1.0193688,
1.0192783,
1.0192546,
1.0192087,
1.0191447,
1.0190521,
1.0189863,
1.0189415,
1.0188615,
1.0188094,
1.018804,
1.0187678,
1.0187333,
1.0186956,
1.0186552,
1.0186181,
1.0186116,
1.0185134,
1.0184168,
1.0184103,
1.0184091,
1.0183407,
1.0183175,
1.0182621,
1.0182513,
1.0182459,
1.0182267,
1.018178,
1.018166,
1.0180529,
1.0179743,
1.0179676,
1.0179442,
1.0179158,
1.0178992,
1.0178636,
1.017752,
1.0176845,
1.0176452,
1.0176148,
1.0174617,
1.0173514,
1.017316,
1.0172645,
1.0172471,
1.0171887,
1.0171428,
1.017095,
1.0170832,
1.0169911,
1.0168236,
1.016777,
1.0167503,
1.0166714,
1.0164388,
1.016421,
1.0163846,
1.0162375,
1.016209,
1.0160255,
1.0160135,
1.0159768,
1.0159575,
1.0159562,
1.0159372,
1.015778,
1.0157777,
1.0156511,
1.01541,
1.0153805,
1.0153288,
1.0150974,
1.0150609,
1.0149312,
1.0149151,
1.0148453,
1.0148365,
1.0148147,
1.0147666,
1.0147647,
1.0147309,
1.0144603,
1.0144268,
1.0144227,
1.0142881,
1.0142779,
1.0142478,
1.0140642,
1.0139656,
1.0139481,
1.0139036,
1.0138679,
1.0138592,
1.0138507,
1.013834,
1.0137278,
1.0136545,
1.0135442,
1.0134994,
1.0134182,
1.0134043,
1.0133595,
1.013208,
1.0131077,
1.0130508,
1.0127908,
1.0127343,
1.012673,
1.0126542,
1.0125589,
1.0125529,
1.012439,
1.0124297,
1.0123751,
1.0122614,
1.0122492,
1.0121708,
1.0121665,
1.012152,
1.0119901,
1.0119582,
1.0118997,
1.0118716,
1.0117618,
1.0117393,
1.0117389,
1.0117257,
1.0117209,
1.011657,
1.0116208,
1.0115687,
1.0114738,
1.011447,
1.0112771,
1.0112008,
1.0111462,
1.0110221,
1.0109073,
1.0108579,
1.0106444,
1.0106218,
1.0104882,
1.0104445,
1.010363,
1.01033,
1.0102212,
1.0102173,
1.0102028,
1.0101577,
1.0101043,
1.0098535,
1.0098455,
1.0098336,
1.0098292,
1.0097624,
1.0096868,
1.0096428,
1.0096334,
1.009633,
1.0096116,
1.009549,
1.0095438,
1.0095114,
1.009507,
1.0094739,
1.0094539,
1.0094461,
1.0093884,
1.009312,
1.0090572,
1.0089823,
1.0085889,
1.008499,
1.0084734,
1.0083452,
1.0082605,
1.008144,
1.0081309,
1.0079519,
1.0079452,
1.0078987,
1.0078887,
1.0078771,
1.0076985,
1.0076782,
1.0076377,
1.0075108,
1.007449,
1.007441,
1.0073829,
1.0073757,
1.0072738,
1.0072433,
1.0071429,
1.0070392,
1.0070143,
1.0069118,
1.0068451,
1.0068171,
1.0067563,
1.0066614,
1.0066457,
1.0065981,
1.0065782,
1.0065415,
1.0064952,
1.0064434,
1.0064429,
1.0063694,
1.0063119,
1.006026,
1.0060165,
1.0059932,
1.0059391,
1.0058842,
1.0058216,
1.0058138,
1.0057038,
1.005571,
1.0054113,
1.0053504,
1.0052739,
1.0051749,
1.0051486,
1.005087,
1.0050862,
1.0049707,
1.0048544,
1.0048205,
1.0047103,
1.004704,
1.004668,
1.0046588,
1.004648,
1.0045974,
1.0045676,
1.0045313,
1.0045108,
1.0043516,
1.0042408,
1.0042242,
1.0040983,
1.0040549,
1.0040443,
1.0039563,
1.0038335,
1.0038275,
1.003684,
1.0036763,
1.0036575,
1.0036181,
1.0035282,
1.0032666,
1.0032401,
1.0032258,
1.0030955,
1.0030838,
1.0028957,
1.0028843,
1.0026517,
1.0026329,
1.0026245,
1.0024729,
1.0024036,
1.0023936,
1.002363,
1.0023509,
1.0023445,
1.0022165,
1.0021216,
1.0019546,
1.0019435,
1.0018796,
1.0016108,
1.0015905,
1.0015541,
1.0015438,
1.0013136,
1.001282,
1.0012039,
1.0011551,
1.0010467,
1.0010467,
1.0010448,
1.0010331,
1.001022,
1.0010122,
1.0009845,
1.0009815,
1.0009711,
1.0008317,
1.0008227,
1.0008186,
1.0007477,
1.0006998,
1.0006993,
1.0006974,
1.0006921,
1.0005012,
1.0004659,
1.0004337,
1.0004023,
1.0003449,
1.000325,
1.0002599,
1.0001569,
1.0000964,
1.0000674,
0.9999115,
0.9999064,
0.9999017,
0.99975187,
0.99973994,
0.99966586,
0.99964565,
0.99962187,
0.9994929,
0.9994212,
0.9994138,
0.9993699,
0.99926513,
0.99911976,
0.99885815,
0.99884164,
0.99864674,
0.99861366,
0.99852616,
0.9984873,
0.9984848,
0.9984508,
0.99841875,
0.99818105,
0.99815875,
0.9981102,
0.9980222,
0.9979373,
0.99791116,
0.9978791,
0.9977822,
0.9977277,
0.99765617,
0.9976108,
0.99754876,
0.9975389,
0.99745166,
0.9973989,
0.9973873,
0.9973168,
0.99731284,
0.99727356,
0.997199,
0.99718624,
0.9970864,
0.9970731,
0.9970345,
0.996986,
0.9968946,
0.996817,
0.9967254,
0.9966489,
0.99660337,
0.9964278,
0.99641407,
0.99628776,
0.9962825,
0.9962666,
0.9962272,
0.99612415,
0.9960701,
0.9960236,
0.99597865,
0.9959705,
0.99587315,
0.99583536,
0.995755,
0.9957274,
0.9956988,
0.9955857,
0.9955724,
0.99542296,
0.9953655,
0.9953409,
0.9953238,
0.9953225,
0.9953057,
0.99529046,
0.99524355,
0.9951693,
0.9951445,
0.99513763,
0.9950794,
0.99495196,
0.9949395,
0.99487334,
0.99485177,
0.99478656,
0.9947791,
0.9947532,
0.99464345,
0.994579,
0.9945505,
0.9944651,
0.99444944,
0.9944402,
0.99440336,
0.9943609,
0.9941919,
0.99415493,
0.99408394,
0.99406976,
0.99382555,
0.9938027,
0.9937716,
0.99368215,
0.99358034,
0.99352133,
0.99351716,
0.9935061,
0.99349415,
0.99348634,
0.9934846,
0.9934734,
0.99345666,
0.99342895,
0.9934275,
0.9933698,
0.993188,
0.9931159,
0.99309486,
0.99308634,
0.9929651,
0.9929042,
0.9929001,
0.9928372,
0.9928352,
0.99278927,
0.9927634,
0.9927273,
0.99267197,
0.9926578,
0.99257,
0.99254996,
0.9924602,
0.9924266,
0.9923899,
0.9923315,
0.9922539,
0.9921248,
0.99195266,
0.9917667,
0.99175966,
0.99175394,
0.9917192,
0.99168193,
0.9915817,
0.99156934,
0.99151266,
0.9914696,
0.9914498,
0.9914444,
0.99138784,
0.9913734,
0.99136335,
0.9913604,
0.99134123,
0.9913212,
0.99127036,
0.9912534,
0.9912069,
0.9911717,
0.99114287,
0.9910475,
0.9909656,
0.99094784,
0.990931,
0.99092203,
0.9908814,
0.99075115,
0.9906148,
0.9905828,
0.9905555,
0.99051154,
0.990396,
0.9902613,
0.990219,
0.99006104,
0.9899799,
0.98990333,
0.9899008,
0.9898441,
0.9897033,
0.9896991,
0.9896878,
0.9896781,
0.98967284,
0.9896573,
0.98962677,
0.98954594,
0.98944813,
0.9894301,
0.9894039,
0.9892879,
0.98927504,
0.9892718,
0.9891887,
0.98917776,
0.9891524,
0.98904353,
0.9890049,
0.98899734,
0.98893,
0.98882496,
0.9886653,
0.9883083,
0.9883045,
0.9882569,
0.98823005,
0.98814934,
0.9881492,
0.98809403,
0.9880145,
0.9879197,
0.9878722,
0.98787165,
0.9878043,
0.98775584,
0.9876469,
0.98763984,
0.98762727,
0.98761535,
0.98758876,
0.98756015,
0.9874495,
0.9874438,
0.98740685,
0.987391,
0.98736537,
0.98731565,
0.9870848,
0.98703766,
0.98703486,
0.98699313,
0.9869564,
0.98691905,
0.986901,
0.9868207,
0.9867772,
0.98669356,
0.98656934,
0.9865485,
0.98654085,
0.9865127,
0.98650587,
0.98637915,
0.98604137,
0.9860157,
0.9858928,
0.9858684,
0.98583186,
0.9857803,
0.98574525,
0.9857349,
0.9857082,
0.98570496,
0.985602,
0.985501,
0.98549825,
0.98545927,
0.9853932,
0.98539263,
0.9853011,
0.98529714,
0.9851694,
0.9851637,
0.9851569,
0.9851044,
0.9850289,
0.9849141,
0.9848736,
0.984817,
0.98479587,
0.98465246,
0.98461854,
0.9845501,
0.9845326,
0.9844535,
0.9844427,
0.98443764,
0.98433346,
0.9841851,
0.9841634,
0.98414075,
0.9840997,
0.98407376,
0.9840675,
0.9840173,
0.9840049,
0.9839569,
0.98388666,
0.9838214,
0.98376495,
0.9836924,
0.9836688,
0.98362815,
0.9835818,
0.9835531,
0.9835472,
0.98349893,
0.9834325,
0.9834244,
0.9831974,
0.9831803,
0.9829989,
0.98280036,
0.9827295,
0.9827247,
0.982718,
0.98257387,
0.98246616,
0.9824432,
0.98244166,
0.9824069,
0.982282,
0.982242,
0.9821976,
0.9821613,
0.9821154,
0.98211354,
0.9820274,
0.9820219,
0.9819612,
0.9817017,
0.98167795,
0.9816717,
0.98156554,
0.98130226,
0.9812952,
0.98128515,
0.98122376,
0.9811102,
0.9811021,
0.9810597,
0.9810448,
0.9810274,
0.9809947,
0.9809822,
0.9809713,
0.98066294,
0.98062944,
0.98060536,
0.9805229,
0.9805152,
0.98045677,
0.9804551,
0.98043615,
0.9804213,
0.9802204,
0.98021084,
0.9799732,
0.9797697,
0.9796223,
0.9795462,
0.9794849,
0.979427,
0.9794191,
0.97941196,
0.97936267,
0.9793221,
0.9792225,
0.9792201,
0.9792017,
0.97910154,
0.97905993,
0.97896075,
0.97895813,
0.9789563,
0.97893894,
0.9784688,
0.97846526,
0.9784545,
0.97842944,
0.97841233,
0.97838724,
0.9783473,
0.9783469,
0.9783455,
0.97829485,
0.97823644,
0.9781717,
0.9781419,
0.9779643,
0.9778328,
0.977756,
0.9777118,
0.97746193,
0.9773701,
0.9773547,
0.97728074,
0.9772625,
0.9772265,
0.97718704,
0.977031,
0.97689366,
0.9768445,
0.9767203,
0.9766369,
0.97650796,
0.97646546,
0.976285,
0.97605836,
0.9760045,
0.9759407,
0.9759277,
0.9758896,
0.97582126,
0.97581327,
0.9757592,
0.9757038,
0.97568357,
0.9753895,
0.9753854,
0.975308,
0.9751216,
0.9750548,
0.9750518,
0.9750492,
0.9748859,
0.97486234,
0.97480214,
0.97471017,
0.97461754,
0.974482,
0.9744089,
0.9743551,
0.97426236,
0.97420233,
0.97409296,
0.97394633,
0.97384775,
0.97382134,
0.97379684,
0.9737736,
0.97373354,
0.9737247,
0.9734745,
0.97339326,
0.973384,
0.97329354,
0.97319776,
0.97306865,
0.9728493,
0.97278094,
0.9727161,
0.9727035,
0.9726645,
0.97263646,
0.9725427,
0.9725412,
0.9725409,
0.97250026,
0.9724999,
0.9723608,
0.972338,
0.9722604,
0.9722499,
0.97223884,
0.9722041,
0.97217774,
0.9720635,
0.97198504,
0.9719533,
0.9719456,
0.97194207,
0.9719177,
0.97175443,
0.9717128,
0.971698,
0.9716926,
0.97165596,
0.9715736,
0.9711828,
0.97115207,
0.97114366,
0.97109616,
0.9707891,
0.9705685,
0.9704462,
0.9704041,
0.9703686,
0.97026706,
0.9701682,
0.9701536,
0.97009426,
0.9700867,
0.9699793,
0.9699109,
0.96985775,
0.96964765,
0.9696385,
0.96960056,
0.9695958,
0.9695796,
0.9695715,
0.96955144,
0.9695244,
0.9694887,
0.9693884,
0.9693715,
0.9692283,
0.9691424,
0.9690422,
0.96903056,
0.9687543,
0.9686193,
0.9684942,
0.96848667,
0.9684683,
0.96844715,
0.9683648,
0.96830237,
0.96822375,
0.9682222,
0.9682074,
0.96819055,
0.96818733,
0.96817756,
0.9681465,
0.9681197,
0.96809673,
0.9680609,
0.96789855,
0.9678397,
0.9678385,
0.9677993,
0.9677738,
0.96776456,
0.96769273,
0.9674765,
0.96743363,
0.9673362,
0.96720326,
0.96711063,
0.9671018,
0.96702623,
0.9669559,
0.96690875,
0.96670115,
0.96661365,
0.9665845,
0.9665314,
0.96648115,
0.96644694,
0.96643156,
0.96640104,
0.966362,
0.96601677,
0.96601224,
0.9659858,
0.965832,
0.9658303,
0.9657196,
0.965639,
0.96561635,
0.9655577,
0.965491,
0.965354,
0.9653298,
0.96532416,
0.96524495,
0.96523976,
0.9652267,
0.96520317,
0.96515954,
0.9651501,
0.9650893,
0.9649088,
0.96480155,
0.9646926,
0.964642,
0.9646353,
0.9645723,
0.96455866,
0.9645381,
0.9644975,
0.96444803,
0.9643999,
0.9643643,
0.96434176,
0.9642247,
0.96416193,
0.96415496,
0.9641545,
0.9641501,
0.96412164,
0.96395785,
0.963853,
0.9637587,
0.9636995,
0.9636802,
0.9635914,
0.9633548,
0.9631431,
0.9631225,
0.96310544,
0.96297365,
0.96284103,
0.96282405,
0.9628232,
0.96271044,
0.9626736,
0.96262836,
0.9625673,
0.9625056,
0.96236205,
0.96235263,
0.96199524,
0.9619613,
0.9619137,
0.9619,
0.9618654,
0.96185815,
0.96166223,
0.9614902,
0.9614772,
0.9614311,
0.96123505,
0.9612335,
0.961174,
0.96112525,
0.96111727,
0.96099263,
0.9609695,
0.96084946,
0.9607557,
0.9606221,
0.9606171,
0.9605812,
0.9604547,
0.960454,
0.9604239,
0.9603469,
0.959978,
0.95997506,
0.95996034,
0.95987755,
0.95982784,
0.95981556,
0.9595933,
0.9595871,
0.95956314,
0.9595563,
0.9595234,
0.95951426,
0.95945644,
0.959442,
0.95930505,
0.9592814,
0.95919764,
0.9591735,
0.9591266,
0.9589705,
0.9589133,
0.9588434,
0.9587754,
0.9586979,
0.9586788,
0.95840716,
0.9581065,
0.95809954,
0.95809585,
0.9580557,
0.95792305,
0.95785767,
0.95782053,
0.957814,
0.9577866,
0.95773596,
0.9576946,
0.9576354,
0.95740265,
0.95734495,
0.95700926,
0.95693415,
0.9569143,
0.9568699,
0.95685405,
0.95681864,
0.95679086,
0.95674676,
0.95670474,
0.95667297,
0.9566115,
0.95660615,
0.95655257,
0.95650053,
0.95643127,
0.9563651,
0.95620453,
0.95620257,
0.95618165,
0.95605546,
0.95602816,
0.9560122,
0.9559253,
0.95592415,
0.955911,
0.95590675,
0.95585525,
0.9557631,
0.9556747,
0.9556659,
0.9556296,
0.9555939,
0.9555552,
0.9555531,
0.9555198,
0.95543635,
0.9553053,
0.9552945,
0.95529294,
0.9551883,
0.95495427,
0.9548841,
0.95464283,
0.95460457,
0.9545392,
0.9544687,
0.95445067,
0.9542977,
0.9542007,
0.95419455,
0.9541437,
0.9541067,
0.95408934,
0.9537909,
0.9535409,
0.9534418,
0.9533003,
0.9533,
0.95327395,
0.95324063,
0.9532124,
0.9531981,
0.9531877,
0.95315003,
0.9531048,
0.95290637,
0.9528285,
0.95277596,
0.9526537,
0.95258254,
0.95252377,
0.9525137,
0.9523782,
0.9523589,
0.9522837,
0.9522761,
0.9522397,
0.9522022,
0.9521966,
0.95214045,
0.95192295,
0.9518961,
0.9518638,
0.9518476,
0.9516924,
0.9515961,
0.9515644,
0.95153165,
0.95151776,
0.95149314,
0.9514864,
0.9513416,
0.9513245,
0.95131135,
0.9513105,
0.9512622,
0.95089346,
0.9507759,
0.95066726,
0.9506458,
0.9504947,
0.9504307,
0.9504033,
0.9503954,
0.95036757,
0.95025396,
0.9502524,
0.95006347,
0.9500541,
0.95004267,
0.95001125,
0.9499394,
0.94987196,
0.94983256,
0.9497883,
0.94978315,
0.94968605,
0.94964796,
0.9496268,
0.94947124,
0.9493196,
0.9492647,
0.94920194,
0.94908327,
0.9489937,
0.9489655,
0.9489639,
0.9489007,
0.9488951,
0.94880325,
0.9487116,
0.94866246,
0.94863516,
0.9485934,
0.9484955,
0.9484541,
0.9484479,
0.94831306,
0.9480514,
0.9480485,
0.94788057,
0.94778687,
0.9477632,
0.947747,
0.94771755,
0.9475066,
0.94749516,
0.94743973,
0.9474384,
0.947368,
0.9468987,
0.94672674,
0.94652826,
0.9465022,
0.946477,
0.9464248,
0.94607085,
0.9459588,
0.9458367,
0.94562775,
0.9455783,
0.94555026,
0.94551444,
0.9454025,
0.94539875,
0.94529724,
0.94525224,
0.94520783,
0.9451909,
0.9451349,
0.9451188,
0.9449899,
0.9447727,
0.94465536,
0.9445856,
0.94418037,
0.9440486,
0.9438369,
0.943803,
0.9437858,
0.9436961,
0.9435539,
0.9435536,
0.94354314,
0.9434173,
0.94341487,
0.9433888,
0.94331396,
0.943292,
0.94324464,
0.9431231,
0.9430797,
0.9429494,
0.94286865,
0.9428297,
0.9427283,
0.94256204,
0.94255006,
0.942438,
0.9424037,
0.94239473,
0.9422967,
0.94225043,
0.94207627,
0.9420578,
0.9420276,
0.94194275,
0.94191253,
0.94176924,
0.9416913,
0.94158745,
0.9415642,
0.9414557,
0.94144195,
0.941377,
0.941232,
0.941219,
0.9412169,
0.9411039,
0.9410722,
0.94105434,
0.9410362,
0.9410326,
0.9408895,
0.94072294,
0.9407057,
0.94064564,
0.9406357,
0.94062173,
0.9405727,
0.9404741,
0.9404051,
0.94032884,
0.9403179,
0.9403149,
0.9402692,
0.9402682,
0.940265,
0.9402321,
0.9402073,
0.93972045,
0.939646,
0.9395254,
0.93950176,
0.9393143,
0.9392517,
0.93919617,
0.9390504,
0.9390302,
0.93901324,
0.9389896,
0.9387695,
0.9387302,
0.938675,
0.93855363,
0.9384528,
0.9383378,
0.93819547,
0.93818516,
0.9381802,
0.9381647,
0.93812335,
0.93806046,
0.938048,
0.9379629,
0.9379155,
0.93776584,
0.93776023,
0.9377209,
0.9374644,
0.9374021,
0.9373836,
0.93732846,
0.93727845,
0.9372691,
0.9372439,
0.9371733,
0.9369107,
0.9367014,
0.93668604,
0.93667036,
0.9365559,
0.93652767,
0.9364904,
0.9364722,
0.93646,
0.93645793,
0.9364523,
0.93643045,
0.93631464,
0.93627024,
0.93626803,
0.9362163,
0.93620706,
0.9360355,
0.93601364,
0.9359767,
0.9359599,
0.93593454,
0.93588483,
0.9358743,
0.93587136,
0.9356532,
0.9356203,
0.9354106,
0.93536955,
0.9353392,
0.93530065,
0.93517154,
0.93516064,
0.9350808,
0.9349815,
0.93488723,
0.9347514,
0.9347405,
0.9344929,
0.93445396,
0.93444735,
0.9344447,
0.934411,
0.93438894,
0.9342865,
0.93428564,
0.93427104,
0.93420887,
0.9342011,
0.9339806,
0.93397206,
0.93396586,
0.9337384,
0.93372864,
0.9337058,
0.933573,
0.9334932,
0.9334879,
0.9334826,
0.93343455,
0.9333869,
0.9332714,
0.93319255,
0.933185,
0.93313736,
0.9331243,
0.93308485,
0.93300307,
0.9329787,
0.93293893,
0.9329345,
0.9328409,
0.93267965,
0.93258697,
0.9325594,
0.9325113,
0.9323375,
0.9322487,
0.93219215,
0.93212926,
0.93172044,
0.9316427,
0.9315549,
0.93154025,
0.93138856,
0.93132347,
0.9312653,
0.9312386,
0.93117833,
0.93109643,
0.9310617,
0.93104,
0.93100566,
0.930946,
0.93093413,
0.9309281,
0.93085146,
0.9307184,
0.9306927,
0.93060845,
0.9305896,
0.93057686,
0.93054616,
0.93049747,
0.9302994,
0.9301835,
0.9301644,
0.92993176,
0.92986774,
0.92983276,
0.9297461,
0.9297372,
0.92970157,
0.92944217,
0.92930377,
0.9293035,
0.9292643,
0.9290773,
0.9290408,
0.92892367,
0.928779,
0.9287527,
0.9287294,
0.9286225,
0.92859274,
0.92852736,
0.92837805,
0.9283204,
0.92830765,
0.9283032,
0.9282617,
0.92825115,
0.92814463,
0.9281348,
0.92798275,
0.92783695,
0.9278106,
0.92774606,
0.9276729,
0.9276615,
0.9275953,
0.9275725,
0.9274008,
0.9273322,
0.9272984,
0.92729354,
0.92728055,
0.92719966,
0.9271927,
0.9271772,
0.9271732,
0.9270728,
0.92704064,
0.9270164,
0.9269258,
0.9267259,
0.92650586,
0.9263922,
0.9263062,
0.9261611,
0.926145,
0.92612493,
0.92609656,
0.9260887,
0.9260472,
0.9259902,
0.92594707,
0.92592806,
0.9256369,
0.92563677,
0.9255933,
0.9255529,
0.92546016,
0.92541575,
0.9254006,
0.9253613,
0.92524886,
0.9252373,
0.9250928,
0.92504334,
0.9249582,
0.9249292,
0.9248455,
0.92483807,
0.92483455,
0.9246595,
0.9246378,
0.9245559,
0.92454296,
0.9244983,
0.92448723,
0.9244533,
0.9243756,
0.9243155,
0.9242608,
0.9242563,
0.9242535,
0.9242472,
0.9241794,
0.92417294,
0.9241178,
0.9241008,
0.924095,
0.92404455,
0.92399395,
0.9239583,
0.92395395,
0.9238862,
0.92388487,
0.92387563,
0.92354834,
0.9233936,
0.92336625,
0.9233026,
0.92319447,
0.92317176,
0.92299783,
0.92286336,
0.9227166,
0.92264843,
0.92248106,
0.9224687,
0.922411,
0.92236686,
0.92220235,
0.92200905,
0.92196983,
0.92172337,
0.9216892,
0.9214263,
0.92131025,
0.9212776,
0.9212088,
0.9210196,
0.9209894,
0.92081136,
0.9207465,
0.9205293,
0.92041713,
0.92018414,
0.9199638,
0.9199431,
0.9199067,
0.91985375,
0.9194407,
0.9194383,
0.91940147,
0.91938287,
0.9193193,
0.9192774,
0.91927165,
0.91919714,
0.9190734,
0.919051,
0.91903514,
0.9189178,
0.918916,
0.91867214,
0.91856456,
0.9183199,
0.9183171,
0.91831666,
0.91787386,
0.9172473,
0.91713303,
0.9170649,
0.91699404,
0.9169718,
0.91696995,
0.91695666,
0.9169471,
0.9168623,
0.9168336,
0.91679615,
0.91657096,
0.916451,
0.91644686,
0.9163672,
0.9161594,
0.9161076,
0.9161,
0.9160737,
0.91605,
0.91589904,
0.915898,
0.9158259,
0.91567284,
0.9156273,
0.91556686,
0.91535324,
0.9152114,
0.9152009,
0.9151727,
0.9150999,
0.91488826,
0.91483,
0.91476405,
0.9145735,
0.9145457,
0.91447234,
0.9143886,
0.91436994,
0.91417015,
0.9141054,
0.9139894,
0.9138709,
0.91377866,
0.9137689,
0.9136308,
0.91357505,
0.9134113,
0.9133798,
0.9133307,
0.9131907,
0.91310096,
0.91299456,
0.9129039,
0.9129024,
0.9127808,
0.91271937,
0.9122729,
0.91205806,
0.9118194,
0.9117515,
0.9115466,
0.9114553,
0.91142416,
0.9114001,
0.9113686,
0.91136384,
0.91121835,
0.91093034,
0.9109187,
0.91090083,
0.91085505,
0.91080576,
0.9107284,
0.9105556,
0.9103873,
0.91034484,
0.91025466,
0.9102461,
0.9101349,
0.9100303,
0.91000915,
0.9098976,
0.9098484,
0.90967494,
0.90965563,
0.9095223,
0.90951294,
0.9094931,
0.9093897,
0.90937775,
0.9093513,
0.9093082,
0.9092442,
0.9092047,
0.90916055,
0.9091492,
0.9090418,
0.90879154,
0.90877473,
0.9085284,
0.9085071,
0.9084598,
0.9084246,
0.9083078,
0.90829676,
0.9082781,
0.9082196,
0.90811414,
0.9080392,
0.90795773,
0.9077699,
0.90745187,
0.90742385,
0.90741307,
0.90735406,
0.9072842,
0.9072211,
0.9072066,
0.90720356,
0.9071939,
0.9070449,
0.9070087,
0.90697485,
0.9069563,
0.9069023,
0.90686405,
0.9067936,
0.906673,
0.9066436,
0.9065886,
0.906582,
0.9063611,
0.9061022,
0.9059652,
0.9058644,
0.9058353,
0.9056829,
0.9056129,
0.90561104,
0.9055241,
0.90550417,
0.90549827,
0.90548986,
0.9051419,
0.90509313,
0.90502435,
0.90474457,
0.9045797,
0.9044978,
0.90448844,
0.9042254,
0.90413326,
0.9041206,
0.904013,
0.9038663,
0.9037855,
0.9037205,
0.9036857,
0.90358984,
0.9033796,
0.9032805,
0.903013,
0.90293306,
0.90287936,
0.9027959,
0.90266705,
0.9025866,
0.90255713,
0.9024262,
0.90234065,
0.90220743,
0.90218157,
0.9021437,
0.90175986,
0.901694,
0.90167594,
0.90145737,
0.90126574,
0.90121937,
0.9011495,
0.9010809,
0.90090734,
0.90089417,
0.90088075,
0.9008581,
0.90062785,
0.90050846,
0.9004179,
0.90039307,
0.9003421,
0.9000067,
0.89991486,
0.89985394,
0.8998018,
0.89940846,
0.8993015,
0.89914346,
0.89909637,
0.89907247,
0.89896655,
0.89858687,
0.898561,
0.89840144,
0.8983204,
0.89828134,
0.8981668,
0.89812666,
0.89795405,
0.8979152,
0.8976683,
0.8975302,
0.89750093,
0.89745164,
0.8974389,
0.89732325,
0.897305,
0.89729494,
0.8972694,
0.8970616,
0.89705557,
0.8970553,
0.8970245,
0.8969971,
0.8969058,
0.8968483,
0.89678377,
0.89675313,
0.8966966,
0.896638,
0.89655775,
0.8965031,
0.8964832,
0.89639455,
0.89627177,
0.89614725,
0.8961107,
0.89605695,
0.8958967,
0.89588535,
0.8957376,
0.89572066,
0.89569616,
0.89553344,
0.89552796,
0.8952616,
0.8952585,
0.89496535,
0.89492756,
0.894854,
0.89469916,
0.89434665,
0.8943365,
0.89431626,
0.89428127,
0.89415115,
0.8940933,
0.8939406,
0.89391875,
0.8938986,
0.8938792,
0.8937409,
0.8936729,
0.89365226,
0.89354545,
0.89354026,
0.89351267,
0.89342886,
0.8933043,
0.89324474,
0.8932408,
0.8929452,
0.8927477,
0.89272225,
0.89271384,
0.89264506,
0.89262694,
0.8923567,
0.8923018,
0.8922442,
0.89216906,
0.8921089,
0.8921035,
0.89205796,
0.8920565,
0.8918731,
0.8918477,
0.89182895,
0.8918253,
0.8918005,
0.89168364,
0.8915664,
0.89136755,
0.8909657,
0.8909261,
0.89049965,
0.8903842,
0.89029866,
0.890234,
0.8902023,
0.89002365,
0.8898374,
0.8898173,
0.8897569,
0.8896301,
0.88957125,
0.88939786,
0.8892229,
0.8890511,
0.8890216,
0.8889592,
0.8887493,
0.8885756,
0.8885339,
0.888282,
0.88823867,
0.8880803,
0.888004,
0.88799405,
0.88775843,
0.8876786,
0.88763523,
0.88756967,
0.8875348,
0.8873848,
0.88735753,
0.88722193,
0.8871897,
0.88711804,
0.8870162,
0.8869351,
0.8867218,
0.8866677,
0.8866405,
0.886549,
0.8865246,
0.88646805,
0.8864225,
0.8863646,
0.886202,
0.886161,
0.8860378,
0.8857769,
0.88557273,
0.885456,
0.8854233,
0.88539726,
0.8853268,
0.8852879,
0.88520044,
0.8851593,
0.8851296,
0.8850897,
0.8849527,
0.88493663,
0.8848481,
0.88480276,
0.88459295,
0.88452274,
0.88439196,
0.88435876,
0.8839089,
0.8838584,
0.8838018,
0.8837864,
0.88376606,
0.8837186,
0.88369554,
0.88367575,
0.8836136,
0.8835307,
0.8834993,
0.8834556,
0.88336134,
0.88331026,
0.8831572,
0.8831391,
0.88298213,
0.8829783,
0.88295746,
0.8826028,
0.8825832,
0.8825597,
0.88251305,
0.8824654,
0.8823716,
0.88233787,
0.88221353,
0.8822121,
0.8821257,
0.8821162,
0.8820561,
0.88204795,
0.8820218,
0.8819037,
0.8818458,
0.88179123,
0.8816683,
0.88159853,
0.88154745,
0.88136804,
0.8813446,
0.8809721,
0.8808255,
0.88076794,
0.88073754,
0.8807178,
0.8806699,
0.88059425,
0.8805048,
0.8804635,
0.8803954,
0.880345,
0.8803213,
0.88027835,
0.880208,
0.8801482,
0.88014585,
0.88008726,
0.8800674,
0.8798359,
0.8794448,
0.8793321,
0.879269,
0.87897855,
0.8788445,
0.8788274,
0.878789,
0.878735,
0.87868905,
0.8784105,
0.87838835,
0.8783668,
0.8782441,
0.8782332,
0.87823236,
0.87809134,
0.8779982,
0.87779874,
0.8777423,
0.87766975,
0.87763506,
0.8776331,
0.87750953,
0.87743396,
0.87735873,
0.87728,
0.87727106,
0.87723774,
0.8769303,
0.8767109,
0.8766176,
0.87640274,
0.87640053,
0.87637514,
0.8762638,
0.87617433,
0.8761571,
0.8760715,
0.87597936,
0.8759703,
0.8759515,
0.8758956,
0.87579644,
0.8756399,
0.87555295,
0.87539774,
0.8753525,
0.87525547,
0.8751355,
0.8751136,
0.87486446,
0.8748384,
0.8746895,
0.87441784,
0.8744023,
0.87435764,
0.8742705,
0.874168,
0.8739008,
0.8738775,
0.8738079,
0.87379825,
0.8737879,
0.8737856,
0.87362504,
0.8735631,
0.873552,
0.87350726,
0.87339926,
0.87331533,
0.87305224,
0.8730185,
0.87297124,
0.872963,
0.8727525,
0.8727,
0.8726759,
0.87232566,
0.8723237,
0.8722362,
0.87221026,
0.8721125,
0.87185955,
0.87156,
0.87134,
0.8713149,
0.87125564,
0.8711679,
0.87113845,
0.8709435,
0.8707431,
0.8707291,
0.87066144,
0.87062395,
0.8704195,
0.8703393,
0.87029636,
0.8702847,
0.87026995,
0.8702053,
0.8701214,
0.8701053,
0.87003,
0.87001383,
0.86994344,
0.8699023,
0.8698805,
0.8697939,
0.8697791,
0.8697168,
0.86968863,
0.8696193,
0.8694975,
0.8693297,
0.869131,
0.8691114,
0.8689469,
0.86891544,
0.86868227,
0.8686379,
0.8683975,
0.86834073,
0.8681928,
0.8681661,
0.8681234,
0.8680832,
0.8678278,
0.8676527,
0.8676179,
0.8675834,
0.86721283,
0.86714345,
0.8668474,
0.86681885,
0.8667789,
0.86673594,
0.866672,
0.8666084,
0.86651105,
0.8663556,
0.8660245,
0.86598545,
0.8658333,
0.8658128,
0.8657361,
0.8656257,
0.865482,
0.8654416,
0.8653004,
0.8651907,
0.86500293,
0.86489713,
0.8647928,
0.8644823,
0.86440736,
0.864322,
0.86408514,
0.863993,
0.86392194,
0.86375785,
0.8637477,
0.86366975,
0.86361647,
0.8635575,
0.8633677,
0.8629936,
0.8628842,
0.86273086,
0.8627292,
0.86271685,
0.8626695,
0.8624008,
0.862284,
0.8621897,
0.8621807,
0.8611646,
0.8609713,
0.86076146,
0.8607456,
0.86070275,
0.86064535,
0.86059177,
0.8604567,
0.8603875,
0.86010903,
0.8598211,
0.8597141,
0.85969776,
0.85951626,
0.85947406,
0.8594286,
0.8592583,
0.8590244,
0.8589787,
0.8587936,
0.85875773,
0.85869193,
0.8585167,
0.8584684,
0.85841924,
0.858399,
0.85839254,
0.85828465,
0.85826856,
0.8582464,
0.85812014,
0.85810953,
0.85806596,
0.857905,
0.8578919,
0.8578208,
0.85775614,
0.8574621,
0.8574077,
0.8572591,
0.8569985,
0.8568734,
0.8565141,
0.85647273,
0.8564696,
0.8564519,
0.85621077,
0.8560514,
0.85580146,
0.8557099,
0.85567135,
0.8556565,
0.85564774,
0.855524,
0.85543054,
0.8551106,
0.8550656,
0.855052,
0.85505015,
0.8549281,
0.85487866,
0.85487425,
0.8548609,
0.85474676,
0.8547102,
0.85454726,
0.854153,
0.8541215,
0.85375506,
0.8537155,
0.8536748,
0.8536713,
0.85350275,
0.85346574,
0.85338444,
0.85329497,
0.852712,
0.8527095,
0.8526773,
0.8525258,
0.8523007,
0.8516954,
0.8515855,
0.8513476,
0.85131836,
0.8511213,
0.8510799,
0.8510469,
0.85073936,
0.85060006,
0.8504492,
0.85042906,
0.85038906,
0.85036063,
0.85023874,
0.85004556,
0.85004276,
0.8499724,
0.84993976,
0.84942347,
0.8494153,
0.8493834,
0.8493748,
0.84931606,
0.84931374,
0.8493073,
0.8492964,
0.8492844,
0.84912854,
0.84907514,
0.84905225,
0.8490355,
0.8488937,
0.8488759,
0.8488656,
0.8486343,
0.8486151,
0.84844786,
0.8482953,
0.848252,
0.847883,
0.8478403,
0.84783363,
0.84783065,
0.8477555,
0.8477333,
0.8476954,
0.84769183,
0.84764135,
0.8474293,
0.84740853,
0.8473651,
0.8472601,
0.84709895,
0.84685445,
0.84679073,
0.84669083,
0.8465408,
0.8465065,
0.8464513,
0.84638727,
0.8462242,
0.8461695,
0.84602064,
0.84593046,
0.8458979,
0.8458521,
0.8458161,
0.84580296,
0.8454633,
0.8453858,
0.8453531,
0.8453218,
0.8452659,
0.84505117,
0.8449929,
0.8449558,
0.8448447,
0.8448403,
0.84479856,
0.8447589,
0.84467167,
0.8444287,
0.84429294,
0.8442924,
0.84402096,
0.8439627,
0.8439422,
0.8439331,
0.8438831,
0.84385985,
0.8437202,
0.8436067,
0.8436049,
0.84351814,
0.84350514,
0.8432499,
0.8432067,
0.84313476,
0.8428113,
0.84273064,
0.84265774,
0.842651,
0.8425128,
0.84233534,
0.8423019,
0.84220713,
0.8421719,
0.84207916,
0.84196126,
0.841908,
0.8414339,
0.8414216,
0.8411428,
0.84113747,
0.8409768,
0.8409743,
0.8406481,
0.8405137,
0.84021187,
0.8401511,
0.83993864,
0.8399256,
0.83980006,
0.8395863,
0.8393995,
0.83926165,
0.83925474,
0.8392119,
0.83902097,
0.8390087,
0.83899343,
0.83888996,
0.83860487,
0.83850634,
0.83812517,
0.83809096,
0.83808535,
0.83805925,
0.83775604,
0.8377237,
0.8376004,
0.83747965,
0.8373506,
0.83730567,
0.8372171,
0.83720416,
0.837203,
0.83699715,
0.8368808,
0.8367146,
0.83644384,
0.8361519,
0.8361125,
0.8360488,
0.8358091,
0.8356024,
0.8355989,
0.8354181,
0.83505183,
0.8349779,
0.8348263,
0.83479446,
0.8346467,
0.83446896,
0.83442205,
0.83412546,
0.834037,
0.83384454,
0.83376735,
0.83374494,
0.83373356,
0.83322465,
0.8330166,
0.83300257,
0.8329996,
0.83295363,
0.8329072,
0.8329029,
0.8328674,
0.83274126,
0.83267313,
0.83253306,
0.8324711,
0.8324079,
0.83231026,
0.8322122,
0.83219177,
0.8320919,
0.8319358,
0.8318175,
0.83161175,
0.8314797,
0.8314516,
0.83130133,
0.8311808,
0.831056,
0.83104414,
0.8310307,
0.8308044,
0.83077544,
0.8305093,
0.83018255,
0.8301544,
0.8300955,
0.830064,
0.82999396,
0.8299025,
0.82985216,
0.82982445,
0.82955915,
0.82955647,
0.8295326,
0.8294937,
0.8294062,
0.82923573,
0.82887214,
0.8287215,
0.82858497,
0.82835346,
0.828214,
0.8281766,
0.8281373,
0.82784444,
0.82771623,
0.8277129,
0.8277025,
0.8275433,
0.8275148,
0.82743216,
0.827432,
0.82730585,
0.82726574,
0.8271531,
0.8269472,
0.8269204,
0.82683,
0.8266018,
0.82655746,
0.8265156,
0.82634455,
0.8261884,
0.8261691,
0.82600105,
0.8259414,
0.8257823,
0.82577646,
0.82565874,
0.8254094,
0.8253349,
0.8253141,
0.82525,
0.8251116,
0.82509804,
0.8250149,
0.8249615,
0.8249558,
0.8248205,
0.8247353,
0.8245826,
0.8244285,
0.8243664,
0.8242467,
0.8240973,
0.8240494,
0.82402086,
0.82401854,
0.8237427,
0.8234342,
0.82321537,
0.82315314,
0.82314366,
0.823129,
0.8230784,
0.8230398,
0.8229568,
0.8228838,
0.82287127,
0.82282674,
0.822747,
0.82272106,
0.8226152,
0.82255477,
0.8224783,
0.8224474,
0.8224123,
0.8222044,
0.8220649,
0.8217705,
0.8217568,
0.8217211,
0.8216483,
0.8216429,
0.82159364,
0.8215469,
0.821487,
0.82135344,
0.82079947,
0.8207008,
0.820603,
0.8204995,
0.8204027,
0.82027906,
0.8202626,
0.82014924,
0.82012266,
0.8199445,
0.8199398,
0.8199321,
0.81972,
0.81937116,
0.81928843,
0.8191658,
0.81911045,
0.81881005,
0.81879306,
0.81859213,
0.8185507,
0.8183591,
0.8183061,
0.81826574,
0.81808126,
0.81798536,
0.8179249,
0.8179006,
0.81780696,
0.8177569,
0.8176501,
0.8176243,
0.8175435,
0.8173928,
0.8167323,
0.8166491,
0.81660324,
0.8163508,
0.8161495,
0.816001,
0.8156719,
0.81565577,
0.8155269,
0.81550586,
0.8152749,
0.8152022,
0.81512576,
0.8149883,
0.81475407,
0.81466585,
0.81464094,
0.8145605,
0.8143445,
0.81428194,
0.814152,
0.81412566,
0.81384194,
0.8137714,
0.81375146,
0.81340855,
0.8132423,
0.8131886,
0.8131051,
0.8130993,
0.81307364,
0.81299,
0.8129406,
0.8128971,
0.81270766,
0.8126727,
0.81216747,
0.81216305,
0.81198406,
0.811971,
0.8119621,
0.8118153,
0.81170756,
0.81170505,
0.81158036,
0.81131595,
0.8112398,
0.81102735,
0.8109204,
0.81078404,
0.81078345,
0.8107647,
0.81072384,
0.81061447,
0.8103131,
0.8102233,
0.8100713,
0.8098773,
0.8098523,
0.8097808,
0.80972743,
0.8094237,
0.8093584,
0.809268,
0.80918247,
0.8090142,
0.8089239,
0.8085933,
0.80855507,
0.80843204,
0.8084304,
0.8082893,
0.80822325,
0.808176,
0.80797726,
0.8077411,
0.8075207,
0.8074699,
0.80695134,
0.8068649,
0.806817,
0.8067772,
0.8066904,
0.8066077,
0.80649,
0.8063648,
0.80634856,
0.8063037,
0.80624104,
0.80619514,
0.80612195,
0.8061092,
0.80586374,
0.8057976,
0.80568725,
0.8053192,
0.8052827,
0.80523586,
0.80520105,
0.80518013,
0.8049955,
0.8049588,
0.8049019,
0.80481654,
0.80481386,
0.804796,
0.80453885,
0.80405986,
0.8039412,
0.8038886,
0.8037091,
0.80366194,
0.8034267,
0.803374,
0.8033616,
0.80334437,
0.80313003,
0.80280447,
0.80278313,
0.8024459,
0.8020828,
0.8020651,
0.8019498,
0.8018125,
0.8016814,
0.80158657,
0.80152637,
0.80149335,
0.80133915,
0.8011736,
0.80110216,
0.8010014,
0.8009173,
0.80078757,
0.8007425,
0.8006045,
0.80059797,
0.80038613,
0.80029094,
0.80002016,
0.7997708,
0.7995309,
0.7993806,
0.79933345,
0.79928553,
0.7990435,
0.7990378,
0.7989343,
0.798845,
0.79882836,
0.79864633,
0.79862434,
0.79862225,
0.7985252,
0.79849607,
0.79845446,
0.79842144,
0.7983981,
0.79821,
0.7979254,
0.79782015,
0.79773986,
0.7975595,
0.79754096,
0.7972897,
0.79709226,
0.7969232,
0.7969106,
0.7968617,
0.7968181,
0.79667884,
0.79652643,
0.7963907,
0.79629403,
0.7959922,
0.7958604,
0.7957601,
0.79552174,
0.7954178,
0.7952266,
0.79490095,
0.7948732,
0.79483086,
0.7947078,
0.79425037,
0.7942021,
0.794028,
0.7940058,
0.7938755,
0.7938735,
0.793697,
0.7936922,
0.7936859,
0.79354006,
0.7934064,
0.79334897,
0.7931323,
0.79311234,
0.792776,
0.79277503,
0.7927179,
0.7924857,
0.792305,
0.7922953,
0.7919718,
0.7919269,
0.79183835,
0.7917816,
0.7916935,
0.7916667,
0.79160386,
0.79154575,
0.79151183,
0.791238,
0.7909588,
0.79068214,
0.7905263,
0.790123,
0.7900997,
0.7896691,
0.78959465,
0.7894864,
0.7892225,
0.78921443,
0.789174,
0.7889047,
0.78858036,
0.7883801,
0.78825104,
0.7881426,
0.78810155,
0.7880895,
0.7879084,
0.7879041,
0.78775656,
0.78773737,
0.7875839,
0.7874913,
0.78740484,
0.7874025,
0.7873443,
0.787342,
0.78722477,
0.78713346,
0.7870532,
0.78692305,
0.78673995,
0.7867075,
0.78670543,
0.7867006,
0.7865933,
0.7865665,
0.78639245,
0.78636765,
0.7863407,
0.78633356,
0.78627974,
0.7862606,
0.786104,
0.7857872,
0.78574985,
0.7856473,
0.7856067,
0.7855845,
0.7854559,
0.78511626,
0.78509426,
0.7850741,
0.78505474,
0.7849074,
0.7848883,
0.78478897,
0.7847591,
0.78456914,
0.78425914,
0.78421193,
0.7840776,
0.7840772,
0.78378934,
0.78364515,
0.78360677,
0.7835987,
0.7835798,
0.783532,
0.78348476,
0.78345406,
0.78342044,
0.78339005,
0.78313166,
0.7830969,
0.78305584,
0.78300303,
0.7829158,
0.7828847,
0.78269786,
0.7826962,
0.78265244,
0.7824356,
0.7818781,
0.781806,
0.7816992,
0.78165275,
0.78163284,
0.78158,
0.78146327,
0.7814283,
0.7813545,
0.7811768,
0.78106016,
0.7810477,
0.78096765,
0.78086394,
0.7808091,
0.78004277,
0.7798758,
0.7797931,
0.77978855,
0.77975917,
0.77941847,
0.77919257,
0.7791232,
0.779064,
0.7787542,
0.778525,
0.7784158,
0.7783819,
0.778309,
0.77829474,
0.77824664,
0.7780688,
0.77794945,
0.77789724,
0.77778673,
0.7775323,
0.77748775,
0.7773543,
0.7773289,
0.77729994,
0.77680993,
0.7767747,
0.7766598,
0.7763688,
0.7761524,
0.77606744,
0.77564335,
0.7756043,
0.7755491,
0.7754585,
0.77544594,
0.7752728,
0.7751899,
0.77502066,
0.77494466,
0.7747004,
0.77461606,
0.7745235,
0.7744134,
0.7743085,
0.7739326,
0.77377605,
0.77344364,
0.7732612,
0.7731604,
0.7729486,
0.7728171,
0.7727734,
0.77263176,
0.7725818,
0.77255255,
0.77252567,
0.7725221,
0.772503,
0.7722348,
0.7722184,
0.77198297,
0.7718519,
0.7717077,
0.7716941,
0.771656,
0.7716329,
0.77157414,
0.77149075,
0.7713212,
0.77117896,
0.77096826,
0.7708438,
0.7706477,
0.7706225,
0.77041626,
0.77039015,
0.7701796,
0.769805,
0.7694193,
0.7694085,
0.7694076,
0.76938206,
0.7692984,
0.76920915,
0.7691554,
0.76900274,
0.7689447,
0.76874644,
0.76868236,
0.7683524,
0.768029,
0.76794684,
0.7678299,
0.76782155,
0.7677658,
0.76775116,
0.7677434,
0.7676338,
0.76741564,
0.76740545,
0.76736516,
0.76663655,
0.7665493,
0.76649916,
0.76638734,
0.76632756,
0.7661836,
0.76600754,
0.76595336,
0.7656162,
0.7655625,
0.765423,
0.7653857,
0.765325,
0.7652719,
0.76489735,
0.7648584,
0.76480687,
0.76480323,
0.7646735,
0.7643342,
0.7642027,
0.7640668,
0.7640651,
0.7639188,
0.7639087,
0.7637834,
0.7629627,
0.7628179,
0.7627697,
0.7627119,
0.7626679,
0.762649,
0.7624337,
0.7624243,
0.762415,
0.7622892,
0.7616992,
0.76135015,
0.76133597,
0.76104707,
0.76090413,
0.7608908,
0.7608854,
0.7605752,
0.76038486,
0.7603312,
0.7601375,
0.7597149,
0.7595151,
0.7594649,
0.7594506,
0.75922793,
0.7591829,
0.75917214,
0.75903136,
0.75890994,
0.7587584,
0.7586742,
0.7585012,
0.75821275,
0.75811905,
0.75788677,
0.7577831,
0.7576164,
0.75761515,
0.7575916,
0.75749576,
0.7574928,
0.7572221,
0.75718665,
0.75705445,
0.756835,
0.7567888,
0.756766,
0.75654036,
0.7563341,
0.7560326,
0.7557304,
0.75556463,
0.7555334,
0.75545186,
0.755404,
0.75527084,
0.75526905,
0.7550386,
0.7548701,
0.7547933,
0.7546823,
0.75462615,
0.7546059,
0.75447816,
0.75438744,
0.7543871,
0.754284,
0.75368667,
0.7536077,
0.75308365,
0.7530648,
0.75304997,
0.75292224,
0.7528512,
0.75283766,
0.75219786,
0.752163,
0.7520405,
0.7520096,
0.751994,
0.75154585,
0.75149184,
0.7512322,
0.7511687,
0.7507554,
0.7507499,
0.75038964,
0.7502129,
0.7501908,
0.75018454,
0.7499964,
0.7497086,
0.74954456,
0.74954015,
0.7494568,
0.7492641,
0.7492524,
0.7492378,
0.7492098,
0.74909323,
0.7490895,
0.74908924,
0.74907666,
0.749021,
0.7488663,
0.7488567,
0.7487356,
0.74868387,
0.7486136,
0.74850166,
0.7484181,
0.7483822,
0.7483802,
0.747991,
0.747945,
0.74770033,
0.7476571,
0.7475974,
0.7475639,
0.7475544,
0.7475246,
0.74748766,
0.74713075,
0.74702847,
0.74679583,
0.74678165,
0.74667186,
0.74648166,
0.7461904,
0.7460781,
0.7459538,
0.74580437,
0.745673,
0.74551606,
0.7452505,
0.74520624,
0.74516886,
0.7451675,
0.7450667,
0.744888,
0.7448284,
0.74477106,
0.7445651,
0.7445277,
0.7444489,
0.74403906,
0.7438447,
0.74380386,
0.74342674,
0.7433619,
0.7432463,
0.74311864,
0.7429977,
0.74295056,
0.7429349,
0.74278843,
0.7419999,
0.7418237,
0.74181545,
0.7417384,
0.7415026,
0.74147826,
0.7413048,
0.7412444,
0.7411977,
0.74119705,
0.740954,
0.7405519,
0.74045664,
0.74035454,
0.7401849,
0.7401836,
0.74015874,
0.7401129,
0.73989516,
0.7397709,
0.739653,
0.7394706,
0.7392568,
0.73918545,
0.73917955,
0.7389986,
0.7389332,
0.7382773,
0.7381741,
0.73810637,
0.73788536,
0.7374503,
0.7374475,
0.7370591,
0.73675776,
0.73654634,
0.7364131,
0.7363649,
0.7358064,
0.7357627,
0.73545814,
0.73539513,
0.7352264,
0.7351238,
0.7350415,
0.7350187,
0.7348217,
0.734641,
0.7345401,
0.73444414,
0.73437184,
0.73431206,
0.7342769,
0.73425174,
0.7341328,
0.7341018,
0.73392814,
0.7338895,
0.73360676,
0.7333331,
0.7331743,
0.73312604,
0.7330473,
0.7327773,
0.7327706,
0.73270804,
0.73241067,
0.73233545,
0.732265,
0.7322465,
0.7321436,
0.7321342,
0.7320361,
0.73185563,
0.73175544,
0.7315696,
0.7315623,
0.73132807,
0.7313113,
0.731163,
0.73111266,
0.7310875,
0.73104995,
0.7307415,
0.7304636,
0.7304372,
0.7303759,
0.7301755,
0.7299424,
0.72973615,
0.72946626,
0.72936743,
0.7293197,
0.7291936,
0.72916204,
0.7286702,
0.7286241,
0.7284851,
0.72839594,
0.72821474,
0.72788304,
0.7277642,
0.727743,
0.72760874,
0.7275193,
0.72741073,
0.7273505,
0.7273473,
0.7273144,
0.72727597,
0.72726756,
0.7272656,
0.7269014,
0.72684336,
0.72672594,
0.72671616,
0.7265841,
0.726573,
0.72638905,
0.7262827,
0.7262658,
0.72615063,
0.7261479,
0.72611475,
0.72593,
0.72592485,
0.72588277,
0.7256765,
0.7255767,
0.72532606,
0.72484946,
0.7247598,
0.72470117,
0.7241675,
0.72412676,
0.7240245,
0.7238587,
0.7237907,
0.72342765,
0.7233558,
0.723075,
0.72293216,
0.722161,
0.7221504,
0.7221053,
0.7219889,
0.72162443,
0.72157735,
0.72151977,
0.72147775,
0.72102714,
0.72094995,
0.7209085,
0.7208929,
0.7207742,
0.7207087,
0.7205912,
0.7204927,
0.7200009,
0.7199534,
0.719898,
0.7196505,
0.7188475,
0.71874803,
0.71870095,
0.7185963,
0.7185661,
0.7183574,
0.71826965,
0.71824527,
0.71783704,
0.7176424,
0.7176379,
0.7173994,
0.717192,
0.7171237,
0.7169672,
0.71695805,
0.71680385,
0.7167504,
0.71672434,
0.7167099,
0.7165824,
0.71642584,
0.71617407,
0.71616626,
0.7159937,
0.7158019,
0.7156823,
0.71548223,
0.7151337,
0.7144509,
0.71440744,
0.714218,
0.71419764,
0.71403927,
0.713988,
0.7139488,
0.71379685,
0.71370006,
0.7134209,
0.71338314,
0.71307635,
0.7129859,
0.712935,
0.71278477,
0.71278155,
0.7127385,
0.7127134,
0.7127065,
0.712288,
0.7120338,
0.71199524,
0.7118124,
0.711662,
0.7115958,
0.71136737,
0.7113141,
0.7113,
0.7112716,
0.711262,
0.71112597,
0.7101728,
0.7099704,
0.7098605,
0.70949936,
0.7094901,
0.7094635,
0.709453,
0.7091821,
0.7090494,
0.7090005,
0.70898587,
0.7088894,
0.70877993,
0.70876914,
0.7086138,
0.7085808,
0.70849264,
0.70847046,
0.70814645,
0.7080866,
0.7080063,
0.7079641,
0.7079344,
0.70747095,
0.70743793,
0.70731515,
0.70693177,
0.7068387,
0.70676386,
0.7066525,
0.70639896,
0.70622236,
0.7060724,
0.7058748,
0.7058387,
0.70580566,
0.7057769,
0.7057284,
0.70559025,
0.70536953,
0.70535654,
0.70517975,
0.70505136,
0.7049152,
0.7048303,
0.70480865,
0.7047491,
0.704505,
0.70432603,
0.70429003,
0.7040957,
0.7040572,
0.7039332,
0.7038981,
0.70389026,
0.70340365,
0.7031496,
0.7030058,
0.70299816,
0.70283836,
0.7026055,
0.7025716,
0.7025464,
0.7025336,
0.70191044,
0.70188826,
0.7017352,
0.70161676,
0.70145524,
0.7012413,
0.7011833,
0.70054007,
0.70041734,
0.70023793,
0.7000745,
0.6999429,
0.69976,
0.69975483,
0.6997239,
0.6996146,
0.6995576,
0.69953597,
0.69952834,
0.6995001,
0.6994649,
0.69944495,
0.6992771,
0.6991941,
0.6990368,
0.6989633,
0.69884217,
0.69882977,
0.69874966,
0.69833523,
0.69829774,
0.69777364,
0.6976394,
0.69763696,
0.6973565,
0.69733053,
0.6973292,
0.69695777,
0.69678944,
0.69678503,
0.6962604,
0.69619983,
0.69601476,
0.69572717,
0.6955985,
0.69556296,
0.6954924,
0.69533855,
0.6948363,
0.6947995,
0.69477606,
0.6947161,
0.6942042,
0.69396025,
0.69363666,
0.69348145,
0.6934032,
0.69331115,
0.69325966,
0.6932104,
0.693182,
0.6931211,
0.69275737,
0.69275147,
0.6926424,
0.6923392,
0.69228315,
0.6922109,
0.69208753,
0.69132274,
0.69122964,
0.69121283,
0.69105655,
0.6908685,
0.6906389,
0.6904689,
0.6903901,
0.69034576,
0.69027346,
0.69021183,
0.69007695,
0.6899398,
0.68941724,
0.6894148,
0.6892317,
0.68918914,
0.68907344,
0.68875796,
0.6884299,
0.6881809,
0.6879327,
0.6877849,
0.6874405,
0.6874033,
0.6872015,
0.68717885,
0.6871536,
0.68698245,
0.68688506,
0.6867849,
0.6866759,
0.68656814,
0.68653744,
0.68599963,
0.6859289,
0.68554276,
0.6854872,
0.6852608,
0.68520045,
0.68517786,
0.68498355,
0.6844501,
0.684434,
0.6844188,
0.68416965,
0.68405205,
0.6839932,
0.6839694,
0.68395346,
0.68393975,
0.6838922,
0.68385524,
0.6838256,
0.68354225,
0.6832068,
0.68298846,
0.6827232,
0.68240654,
0.68237823,
0.6822537,
0.68212986,
0.68208367,
0.6820825,
0.68202686,
0.6819889,
0.6817491,
0.68173337,
0.6816391,
0.68149436,
0.68145996,
0.6811477,
0.6810581,
0.680945,
0.68062496,
0.6805209,
0.6800429,
0.679749,
0.6794703,
0.679322,
0.6791449,
0.6789272,
0.67824894,
0.6780096,
0.67769307,
0.6773195,
0.67709184,
0.6770721,
0.6770567,
0.6769985,
0.67658085,
0.6763892,
0.6761913,
0.6760424,
0.67584574,
0.6758035,
0.67574906,
0.6756706,
0.6756231,
0.6755809,
0.67557454,
0.6753197,
0.67457616,
0.6741542,
0.6741045,
0.67393196,
0.67384,
0.6737285,
0.6736287,
0.67344266,
0.67342556,
0.67337406,
0.6731991,
0.67314065,
0.6730868,
0.67287135,
0.67272633,
0.67265517,
0.67255867,
0.6725439,
0.6725159,
0.672489,
0.6724115,
0.6718834,
0.67184657,
0.6717302,
0.6717155,
0.6715539,
0.67153996,
0.671497,
0.6713849,
0.6713145,
0.67130023,
0.6707925,
0.6704752,
0.6704211,
0.6700599,
0.66996,
0.6696418,
0.6695117,
0.6691319,
0.66911304,
0.6690203,
0.66886747,
0.66883844,
0.6685908,
0.6685047,
0.6683935,
0.6682949,
0.6682483,
0.6681867,
0.6681865,
0.6680683,
0.66798484,
0.66786253,
0.66784006,
0.6676479,
0.66756254,
0.66746026,
0.6673237,
0.6673128,
0.6669301,
0.66675824,
0.6666483,
0.6662226,
0.6659219,
0.665554,
0.66555023,
0.6652481,
0.66509765,
0.6648913,
0.6644509,
0.6643565,
0.6641715,
0.66367203,
0.6636146,
0.6635458,
0.66309273,
0.66299474,
0.66287667,
0.6627561,
0.6626496,
0.6622403,
0.6621143,
0.662112,
0.6621011,
0.6619753,
0.6619667,
0.6616049,
0.6614256,
0.6610119,
0.6608256,
0.6606111,
0.6604909,
0.660471,
0.6604168,
0.6603881,
0.66023284,
0.66011727,
0.6600368,
0.6598925,
0.6598726,
0.65986043,
0.65977055,
0.65972894,
0.659684,
0.6594521,
0.65942186,
0.65908927,
0.65900093,
0.65890205,
0.6584596,
0.65835166,
0.6582526,
0.6581604,
0.65797377,
0.6578608,
0.65738845,
0.65734214,
0.65731764,
0.6571067,
0.6571028,
0.65690017,
0.65689343,
0.65669656,
0.65661275,
0.65636003,
0.6562498,
0.6562451,
0.65619856,
0.6560436,
0.65556604,
0.65548325,
0.65531355,
0.6552189,
0.6550329,
0.65445644,
0.654341,
0.6541259,
0.65382314,
0.65380776,
0.653763,
0.65363705,
0.6535314,
0.6533063,
0.65307146,
0.65302986,
0.6526649,
0.65265083,
0.65263253,
0.6525747,
0.65254116,
0.6524184,
0.6523068,
0.652284,
0.6520819,
0.65203196,
0.651817,
0.65154374,
0.65136826,
0.6513314,
0.6512818,
0.6512324,
0.651168,
0.6507835,
0.65078247,
0.6507762,
0.65076184,
0.6507529,
0.6507382,
0.6507009,
0.6505603,
0.6505268,
0.6504361,
0.65043575,
0.6503952,
0.6502746,
0.65022993,
0.65020573,
0.65019155,
0.6501263,
0.65007734,
0.6499292,
0.64984256,
0.64967203,
0.6494728,
0.6494076,
0.649336,
0.64929986,
0.64925617,
0.64921606,
0.64916146,
0.648926,
0.6488181,
0.648754,
0.6484505,
0.6484227,
0.64840263,
0.6481437,
0.6480115,
0.64793336,
0.64791787,
0.64764166,
0.6474752,
0.6473851,
0.6462707,
0.64583087,
0.6457935,
0.64540637,
0.6451797,
0.64509195,
0.64499986,
0.6449611,
0.64489865,
0.6446644,
0.64457846,
0.6445079,
0.64439124,
0.6441913,
0.6438245,
0.6437712,
0.64365995,
0.6435341,
0.643518,
0.64326775,
0.6432582,
0.6432262,
0.6431958,
0.6431733,
0.6430637,
0.642922,
0.64189476,
0.6417691,
0.64159423,
0.6415003,
0.6414269,
0.64141774,
0.64111453,
0.6410834,
0.6410675,
0.6406742,
0.640668,
0.64061993,
0.6402026,
0.64004934,
0.6399336,
0.6397736,
0.63941514,
0.6393742,
0.6389657,
0.63870883,
0.63857645,
0.63844854,
0.63832027,
0.6382199,
0.63783145,
0.6376454,
0.63762766,
0.637361,
0.637171,
0.63716304,
0.63714814,
0.63711417,
0.6369839,
0.63689226,
0.63683057,
0.6364842,
0.6364475,
0.6364041,
0.6361228,
0.6356317,
0.63545585,
0.6354182,
0.6354038,
0.6343144,
0.63422567,
0.6339693,
0.6338864,
0.63388264,
0.63383615,
0.6334918,
0.6331403,
0.6331026,
0.6327324,
0.6327137,
0.6326765,
0.6324879,
0.6324855,
0.6320564,
0.6319122,
0.6318353,
0.6317136,
0.63161814,
0.6313587,
0.63090426,
0.63085335,
0.63083273,
0.63024694,
0.6300874,
0.62987286,
0.6298626,
0.6297299,
0.6295794,
0.6295491,
0.62953734,
0.629448,
0.6294162,
0.6292098,
0.6289282,
0.6285958,
0.6284456,
0.6283973,
0.6283491,
0.62822765,
0.62804943,
0.6277369,
0.62764513,
0.6274872,
0.6273492,
0.6266754,
0.62631613,
0.6261842,
0.6260539,
0.62584347,
0.6257691,
0.6252992,
0.6252028,
0.62507075,
0.6250527,
0.62483805,
0.6248074,
0.62463385,
0.62418616,
0.62418544,
0.6241395,
0.62413806,
0.624008,
0.62396884,
0.62371427,
0.6233186,
0.62330073,
0.6232959,
0.6229217,
0.6227059,
0.6226213,
0.6224719,
0.6224495,
0.6222509,
0.6222468,
0.6221371,
0.6220317,
0.62197554,
0.62190825,
0.6218511,
0.6217292,
0.62169135,
0.6216833,
0.6216398,
0.62156713,
0.6215482,
0.620367,
0.61980337,
0.61965275,
0.6193094,
0.6193023,
0.6192483,
0.61917585,
0.6191291,
0.6191208,
0.6190972,
0.61896354,
0.6188569,
0.6185468,
0.6185375,
0.61853683,
0.61842644,
0.6183942,
0.61826414,
0.61811525,
0.6180554,
0.6178372,
0.61772555,
0.6176717,
0.6175321,
0.61736476,
0.6173503,
0.6171737,
0.6170476,
0.61694175,
0.6168144,
0.61674947,
0.61656195,
0.61639136,
0.616318,
0.6161976,
0.6161551,
0.6161318,
0.61609197,
0.6160681,
0.6158204,
0.61556786,
0.6155252,
0.6154832,
0.61521,
0.61508596,
0.61494535,
0.6148659,
0.6148484,
0.6147084,
0.6144356,
0.61435556,
0.61434597,
0.61433333,
0.6142495,
0.61401725,
0.61384326,
0.61382705,
0.61381555,
0.6135957,
0.6135412,
0.61351925,
0.61330545,
0.6132838,
0.6129197,
0.6129194,
0.6128482,
0.6128091,
0.61280525,
0.61262614,
0.61237115,
0.6123665,
0.61215514,
0.61213607,
0.61163366,
0.61156106,
0.6113351,
0.61113834,
0.6111111,
0.61106426,
0.6109891,
0.61098576,
0.6107342,
0.6103808,
0.6103551,
0.6103056,
0.61024404,
0.6101554,
0.6098661,
0.60984266,
0.6095999,
0.6093038,
0.60928094,
0.60924345,
0.6089746,
0.60887235,
0.60879505,
0.60875404,
0.6087495,
0.6086914,
0.60852706,
0.6084183,
0.60814637,
0.6080307,
0.6078666,
0.6077656,
0.60733426,
0.60726726,
0.60726136,
0.60724723,
0.60667986,
0.60657674,
0.6065573,
0.6059687,
0.6058017,
0.6056704,
0.6052513,
0.60461074,
0.60458404,
0.60449713,
0.6044939,
0.60447115,
0.60424227,
0.6035622,
0.6035436,
0.60340065,
0.6033846,
0.6032136,
0.60320956,
0.60299903,
0.6029377,
0.60279703,
0.6027389,
0.6026649,
0.6025407,
0.60238516,
0.60217863,
0.60200286,
0.60190403,
0.60182935,
0.6018203,
0.60172033,
0.6016899,
0.60136884,
0.6011775,
0.6011454,
0.60072273,
0.60061836,
0.6004803,
0.6004688,
0.60037154,
0.6002775,
0.6002622,
0.6001848,
0.6001464,
0.6000915,
0.60008115,
0.59967333,
0.5993485,
0.5993235,
0.59912276,
0.5989463,
0.5989351,
0.59855705,
0.5981475,
0.5981417,
0.5980426,
0.59776115,
0.59774905,
0.59765136,
0.5976213,
0.5974925,
0.5974035,
0.59685546,
0.5968447,
0.5967509,
0.5967133,
0.5966305,
0.5965347,
0.59651077,
0.5964451,
0.59623396,
0.59595346,
0.595775,
0.5957492,
0.5956588,
0.5956257,
0.59547687,
0.5954168,
0.5953124,
0.5951591,
0.5951539,
0.59508735,
0.5950661,
0.5950028,
0.5947557,
0.5946682,
0.59466225,
0.59453934,
0.594403,
0.59427416,
0.59406465,
0.5939449,
0.5938694,
0.59369713,
0.59366894,
0.59327793,
0.593086,
0.59286296,
0.5928583,
0.59259504,
0.5924077,
0.592118,
0.59205514,
0.59181714,
0.59181577,
0.59162194,
0.5912809,
0.591277,
0.59117615,
0.59104806,
0.5909876,
0.59084105,
0.59071517,
0.5905629,
0.59033316,
0.59028685,
0.59010214,
0.58991796,
0.58986676,
0.5897738,
0.58951974,
0.5892192,
0.58918506,
0.5890255,
0.5888251,
0.58875257,
0.58874255,
0.5887131,
0.58868515,
0.58832395,
0.5882938,
0.5881871,
0.58784133,
0.5878031,
0.5876567,
0.5875189,
0.58700895,
0.5868136,
0.5865855,
0.58646566,
0.5863851,
0.58638406,
0.58637244,
0.5861677,
0.5857917,
0.5856363,
0.58518684,
0.58475757,
0.58437604,
0.5842784,
0.58381975,
0.5835077,
0.58314776,
0.58280665,
0.5826838,
0.58218783,
0.5819543,
0.5814538,
0.5812599,
0.581203,
0.5811597,
0.58098793,
0.58088297,
0.58071876,
0.58061266,
0.58044344,
0.58038145,
0.5800646,
0.5800253,
0.57964444,
0.5794569,
0.57936436,
0.5793606,
0.57933736,
0.57931584,
0.5792582,
0.5791533,
0.5790079,
0.5782921,
0.57824063,
0.57775176,
0.57768,
0.577621,
0.57758445,
0.5774493,
0.57720333,
0.5771996,
0.57710266,
0.5770531,
0.57690275,
0.57686955,
0.5767909,
0.5766971,
0.5765027,
0.57634425,
0.5762188,
0.57605636,
0.5760221,
0.57596844,
0.57573485,
0.5754457,
0.57543004,
0.57515603,
0.57493967,
0.57461554,
0.5745982,
0.5744511,
0.57426006,
0.57378805,
0.5737712,
0.5735835,
0.5734691,
0.57337755,
0.57326376,
0.5731604,
0.57304597,
0.5723496,
0.57232326,
0.57193786,
0.5719329,
0.57190955,
0.57156277,
0.5713999,
0.57136184,
0.57111436,
0.57087564,
0.5707554,
0.5706882,
0.57065284,
0.57061017,
0.5705776,
0.5705153,
0.5703529,
0.57031775,
0.57028526,
0.5700678,
0.56998944,
0.5698561,
0.5697835,
0.56966496,
0.56951886,
0.56920916,
0.56918585,
0.5690949,
0.56877214,
0.56841177,
0.5683174,
0.568157,
0.5681375,
0.5680653,
0.56797886,
0.56755936,
0.56748766,
0.5672511,
0.56721395,
0.5672113,
0.56709117,
0.56708574,
0.5669039,
0.5665863,
0.5664167,
0.5661674,
0.5660319,
0.5656802,
0.5656629,
0.5656482,
0.56545115,
0.5654031,
0.5652447,
0.5650033,
0.5648948,
0.56469774,
0.56449646,
0.5644752,
0.5644266,
0.5642683,
0.56419986,
0.5641312,
0.56407726,
0.5639652,
0.56381667,
0.5635403,
0.563462,
0.5633715,
0.5632008,
0.56298316,
0.5628724,
0.56272995,
0.562706,
0.5623464,
0.5622455,
0.56203675,
0.5619917,
0.56191385,
0.5616474,
0.5614368,
0.56142884,
0.56132793,
0.56121016,
0.5609396,
0.56047946,
0.56028354,
0.56026256,
0.56021076,
0.5601375,
0.5594979,
0.5594348,
0.55909216,
0.5590873,
0.5590531,
0.5587213,
0.55855286,
0.5584814,
0.5584675,
0.5583379,
0.5580976,
0.55804676,
0.55775255,
0.5577253,
0.5576647,
0.5575869,
0.55748934,
0.5573625,
0.557359,
0.5572995,
0.55710423,
0.55654305,
0.5563486,
0.5560666,
0.5555617,
0.5554668,
0.5552112,
0.5551363,
0.55485845,
0.5546084,
0.55454636,
0.5542761,
0.5540424,
0.55402476,
0.55399543,
0.5538941,
0.55330926,
0.5532199,
0.55312717,
0.5527841,
0.5526712,
0.55248433,
0.55175585,
0.5516331,
0.55109936,
0.550929,
0.5508255,
0.5505146,
0.55006295,
0.5495244,
0.54913306,
0.5487345,
0.5486347,
0.5484216,
0.5483174,
0.54821855,
0.54818326,
0.54789966,
0.547523,
0.54666597,
0.5464799,
0.54633915,
0.54602575,
0.5456282,
0.54551744,
0.54546434,
0.54543465,
0.5447335,
0.5444457,
0.5442171,
0.5440238,
0.54327136,
0.5432658,
0.54308826,
0.54297554,
0.54296273,
0.5427043,
0.5426475,
0.54234844,
0.5420025,
0.54178524,
0.5415649,
0.54143757,
0.541424,
0.54111844,
0.5403992,
0.54036665,
0.5403567,
0.5400795,
0.5397318,
0.53969735,
0.53886086,
0.5388536,
0.5388375,
0.5388065,
0.5387778,
0.5386196,
0.5383746,
0.53835046,
0.53833896,
0.53827596,
0.53806984,
0.5379244,
0.53777754,
0.53776866,
0.53737503,
0.53716993,
0.53693527,
0.5363811,
0.5363555,
0.5362034,
0.53530985,
0.53525263,
0.5352316,
0.5350501,
0.5348602,
0.53474236,
0.53445655,
0.53443986,
0.53434217,
0.5343341,
0.5343261,
0.5341308,
0.5336594,
0.53343403,
0.53330463,
0.53287894,
0.5328628,
0.5321262,
0.53188646,
0.5315529,
0.53147256,
0.53146076,
0.5312383,
0.53120136,
0.53075534,
0.53045076,
0.5303079,
0.5302715,
0.53022325,
0.5300553,
0.5298164,
0.52976,
0.52949786,
0.52923995,
0.5290613,
0.5289857,
0.5286529,
0.528339,
0.5283225,
0.5280576,
0.5279508,
0.52792555,
0.5278017,
0.52716297,
0.52657884,
0.52651656,
0.52625966,
0.52625,
0.5261568,
0.52577895,
0.525605,
0.52530503,
0.52523136,
0.52517223,
0.52459764,
0.52428883,
0.52397335,
0.52390075,
0.52348036,
0.52295375,
0.52288127,
0.52277,
0.5224933,
0.52227116,
0.52206504,
0.5218473,
0.52168983,
0.5211162,
0.5211126,
0.5208214,
0.52006125,
0.51988155,
0.51981074,
0.519752,
0.5195761,
0.5190583,
0.51889926,
0.5185522,
0.5185078,
0.5184405,
0.5183989,
0.51807684,
0.5177513,
0.5177272,
0.5176214,
0.5173318,
0.5171773,
0.5170551,
0.5169642,
0.516854,
0.51672876,
0.5162735,
0.51606977,
0.5152385,
0.51495385,
0.51482636,
0.5145541,
0.51450264,
0.5144794,
0.5139252,
0.51383257,
0.51376843,
0.5137354,
0.5136172,
0.51355386,
0.5133858,
0.5133285,
0.51329035,
0.51311105,
0.51243097,
0.5123958,
0.51206946,
0.5120347,
0.5116576,
0.511482,
0.51117384,
0.51065296,
0.51046705,
0.509962,
0.50991565,
0.5095085,
0.5092258,
0.5092021,
0.5091984,
0.5088503,
0.5086633,
0.50816625,
0.50760585,
0.5075428,
0.507119,
0.5068889,
0.5068803,
0.50641924,
0.5054733,
0.50520587,
0.50515157,
0.5049693,
0.5045255,
0.5032271,
0.50320274,
0.50296825,
0.50279415,
0.5027543,
0.5026814,
0.5016639,
0.50161445,
0.50161254,
0.5016059,
0.5015586,
0.5013408,
0.50116205,
0.5008823,
0.500483,
0.49959567,
0.49933043,
0.4991018,
0.49831963,
0.4981391,
0.49794582,
0.49787238,
0.4975993,
0.49734992,
0.49718705,
0.49678054,
0.49667433,
0.4956807,
0.49510208,
0.4948589,
0.49476534,
0.49464196,
0.4943092,
0.4940968,
0.49323633,
0.49312997,
0.49301225,
0.49287564,
0.4928282,
0.49260464,
0.49253282,
0.4924317,
0.49221644,
0.49204642,
0.4920184,
0.49173775,
0.49162066,
0.49092644,
0.49070552,
0.49029863,
0.49026954,
0.4901228,
0.48979044,
0.4887902,
0.4885608,
0.48829663,
0.48803326,
0.4879706,
0.48769698,
0.48741657,
0.48633325,
0.48575544,
0.48515266,
0.48493502,
0.48446935,
0.48408872,
0.484055,
0.48395187,
0.48372892,
0.48363706,
0.4835168,
0.48346674,
0.48301917,
0.48265755,
0.48234588,
0.4822757,
0.48182628,
0.48170185,
0.48110887,
0.48062986,
0.48017043,
0.47889638,
0.47875616,
0.4783759,
0.4775485,
0.4772229,
0.47677004,
0.4761508,
0.47588712,
0.47588634,
0.4755134,
0.47541884,
0.47535926,
0.47481102,
0.47477412,
0.47473198,
0.47449696,
0.47437736,
0.47407383,
0.47349814,
0.47284076,
0.47274232,
0.47246817,
0.47234213,
0.4716635,
0.47163513,
0.4701535,
0.46988636,
0.4698679,
0.4698226,
0.46971726,
0.46938542,
0.4684975,
0.46780315,
0.467072,
0.4670659,
0.46699968,
0.46628508,
0.4658558,
0.46570885,
0.46511957,
0.46505126,
0.4648511,
0.46472773,
0.46467417,
0.46444938,
0.4644134,
0.46368408,
0.46326035,
0.46312684,
0.46307537,
0.46303838,
0.46288943,
0.46275944,
0.46272573,
0.46267533,
0.46251127,
0.46228352,
0.4615732,
0.46065667,
0.46057096,
0.46028852,
0.46026194,
0.45939896,
0.4593352,
0.45915255,
0.45906115,
0.45894107,
0.45815083,
0.45787802,
0.45714572,
0.45683002,
0.4562405,
0.45593372,
0.4558597,
0.4552837,
0.45525268,
0.45508042,
0.45462272,
0.454356,
0.45422506,
0.45385945,
0.45319596,
0.4523134,
0.45196375,
0.4511007,
0.45100707,
0.450522,
0.4499194,
0.44985202,
0.44973207,
0.4496764,
0.44937482,
0.44867408,
0.4468919,
0.44665396,
0.446228,
0.4461125,
0.44548342,
0.44461015,
0.44421536,
0.44277123,
0.44274077,
0.44271633,
0.44223848,
0.44052252,
0.44001865,
0.4398569,
0.43921524,
0.437473,
0.43663886,
0.43657443,
0.43656754,
0.4365121,
0.4359715,
0.435737,
0.43568265,
0.4356665,
0.4356132,
0.43452397,
0.4339032,
0.4338305,
0.43315452,
0.4331224,
0.43241596,
0.43231663,
0.43218896,
0.43195194,
0.4319258,
0.43168914,
0.43158373,
0.43151683,
0.43144038,
0.4314228,
0.43092704,
0.43013644,
0.42998543,
0.42990655,
0.42962396,
0.42927113,
0.42799762,
0.42716092,
0.42690232,
0.42663297,
0.42661253,
0.4264352,
0.42626783,
0.42612723,
0.42587608,
0.4251118,
0.4248332,
0.42331907,
0.42312685,
0.42251056,
0.4221112,
0.42076352,
0.42056975,
0.42056432,
0.42052186,
0.41973218,
0.41894445,
0.41772127,
0.41751045,
0.41716716,
0.41652957,
0.41638142,
0.41633594,
0.41585314,
0.4158407,
0.41573912,
0.41535076,
0.41513535,
0.41503268,
0.41480148,
0.41444594,
0.41434807,
0.41411832,
0.4140071,
0.4139348,
0.4135554,
0.41347185,
0.41344577,
0.41328543,
0.4132161,
0.41193768,
0.41141248,
0.41116068,
0.4105632,
0.40941656,
0.4093348,
0.409215,
0.40857372,
0.4082846,
0.40697297,
0.40645972,
0.40638804,
0.4062936,
0.4062109,
0.40554005,
0.40546778,
0.40538764,
0.404965,
0.40495804,
0.40370694,
0.40350485,
0.4034688,
0.4021169,
0.40164956,
0.40065834,
0.39965066,
0.3979199,
0.39763823,
0.39711955,
0.39533383,
0.3946627,
0.39456484,
0.39451784,
0.3935321,
0.39278385,
0.38992193,
0.38940287,
0.3877588,
0.38715085,
0.38598877,
0.38551334,
0.38537866,
0.3853022,
0.38389385,
0.38299558,
0.38289,
0.3815942,
0.3807388,
0.38070464,
0.38069367,
0.37980148,
0.378958,
0.37817752,
0.377554,
0.3772945,
0.37726346,
0.37695915,
0.3765687,
0.37554622,
0.37512955,
0.3751249,
0.37509578,
0.3748869,
0.3748448,
0.3748257,
0.3727063,
0.37179404,
0.3715988,
0.37116587,
0.371026,
0.37075505,
0.36917636,
0.36872727,
0.3684149,
0.36757877,
0.36690253,
0.3668381,
0.3659066,
0.3657857,
0.36532608,
0.3640291,
0.3633741,
0.36328366,
0.35911405,
0.35321912,
0.35294986,
0.35193914,
0.35163367,
0.35110533,
0.34994608,
0.34835488,
0.33154035,
